id1	id2	weight
73	2	42
97	112	29
97	155	27
3	181	26
155	112	26
332	2	22
354	112	22
97	354	21
10	31	21
195	382	20
4	183	19
207	280	19
10	23	19
4	254	19
10	310	18
155	354	17
195	90	16
44	207	16
389	4	16
234	56	16
321	293	16
20	131	15
6	287	15
23	31	14
22	329	14
61	308	14
50	26	13
9	89	13
451	30	13
367	20	13
310	23	12
244	34	12
294	31	12
55	9	12
67	340	12
251	246	11
484	142	11
310	31	11
72	5	11
285	22	11
98	27	10
36	32	10
226	134	10
247	3	10
5	6	10
241	490	10
367	131	10
156	7	10
49	41	10
33	176	10
4	27	10
285	329	10
32	6	10
217	19	10
97	326	9
441	31	9
311	233	9
459	347	9
10	96	9
331	10	9
389	183	9
10	170	9
403	132	9
44	280	9
228	17	9
4	246	9
60	218	9
449	42	9
24	302	9
356	27	9
4	251	9
36	5	8
395	203	8
97	10	8
114	51	8
51	78	8
11	2	8
4	131	8
234	378	8
9	113	8
29	84	8
31	96	8
411	130	8
50	126	8
43	150	8
10	133	8
12	2	8
188	3	8
23	170	7
441	40	7
234	159	7
394	40	7
389	254	7
23	51	7
4	20	7
382	347	7
15	152	7
9	35	7
151	166	7
301	26	7
113	78	7
12	120	7
53	89	7
394	441	7
103	364	7
293	6	7
215	194	7
36	6	7
5	231	7
46	321	7
487	185	7
126	26	7
441	294	7
9	78	7
70	167	7
398	387	7
394	97	7
168	83	7
195	176	7
4	3	7
10	335	7
39	8	7
9	111	7
31	170	7
4	290	7
97	119	7
35	78	7
155	10	6
21	101	6
338	265	6
4	314	6
303	31	6
97	31	6
20	251	6
46	134	6
276	9	6
50	13	6
195	97	6
33	239	6
153	104	6
33	275	6
156	77	6
31	335	6
394	176	6
18	1	6
212	7	6
4	36	6
100	24	6
11	50	6
441	51	6
441	114	6
34	246	6
420	305	6
176	239	6
69	90	6
344	17	6
188	181	6
379	410	6
17	176	6
344	176	6
133	170	6
68	220	6
331	90	6
304	90	6
326	295	6
205	8	6
252	16	6
29	80	6
4	76	6
90	162	6
195	23	6
328	201	6
116	26	5
50	404	5
99	5	5
51	329	5
98	20	5
16	63	5
100	146	5
4	451	5
89	78	5
369	109	5
4	225	5
3	77	5
80	127	5
80	189	5
97	176	5
228	10	5
4	148	5
234	138	5
27	16	5
270	200	5
116	13	5
227	9	5
460	7	5
326	155	5
174	214	5
110	31	5
203	45	5
303	335	5
116	2	5
195	347	5
63	18	5
30	76	5
96	133	5
326	10	5
304	10	5
274	233	5
23	96	5
155	31	5
304	195	5
45	61	5
4	181	5
74	410	5
40	47	5
195	459	5
12	57	5
25	69	5
310	105	5
247	255	5
315	65	5
145	41	5
17	31	5
303	10	5
205	291	5
303	310	5
292	49	5
310	335	5
37	169	5
303	23	5
195	339	5
395	7	5
56	104	5
250	83	5
293	5	5
48	68	5
5	190	5
69	23	5
1	2	5
203	78	5
37	2	5
251	34	5
37	1	5
91	117	5
195	69	5
176	128	5
20	246	5
67	230	5
94	40	5
422	189	5
58	77	5
400	446	5
198	52	5
16	1	5
27	3	5
188	167	5
232	234	5
237	7	5
33	128	5
13	8	5
198	391	5
118	218	5
145	106	5
122	1	5
111	89	5
72	32	5
13	26	5
482	411	5
292	485	5
4	247	5
4	16	5
382	90	5
92	124	4
195	394	4
316	385	4
87	269	4
5	93	4
310	133	4
3	129	4
52	16	4
394	23	4
467	485	4
9	273	4
55	89	4
33	15	4
456	162	4
31	112	4
303	96	4
310	96	4
234	449	4
234	153	4
417	178	4
300	25	4
16	8	4
183	254	4
4	142	4
138	30	4
38	13	4
380	63	4
175	269	4
272	171	4
249	384	4
219	38	4
326	119	4
146	45	4
197	361	4
100	45	4
10	329	4
116	18	4
394	119	4
176	329	4
195	303	4
10	176	4
89	1	4
228	78	4
225	148	4
202	475	4
456	481	4
237	460	4
454	340	4
48	311	4
209	24	4
234	130	4
178	387	4
59	1	4
158	2	4
8	296	4
135	323	4
106	333	4
410	30	4
310	170	4
380	54	4
74	30	4
107	38	4
470	79	4
4	226	4
114	23	4
17	23	4
311	5	4
5	32	4
221	12	4
123	355	4
1	57	4
8	79	4
81	486	4
109	432	4
486	4	4
401	10	4
488	31	4
228	51	4
55	111	4
467	292	4
12	5	4
9	160	4
183	314	4
113	491	4
17	420	4
31	133	4
8	54	4
91	5	4
253	235	4
72	6	4
183	290	4
149	37	4
141	1	4
4	65	4
246	103	4
18	355	4
20	103	4
89	113	4
460	396	4
90	347	4
204	1	4
175	80	4
50	35	4
391	52	4
251	103	4
343	63	4
116	1	4
16	18	4
28	62	4
23	305	4
62	148	4
81	103	4
254	103	4
420	346	4
25	40	4
73	332	4
254	131	4
346	7	4
304	331	4
85	34	4
111	160	4
51	40	4
406	29	4
46	84	4
20	62	4
28	1	4
67	172	4
21	216	4
39	277	4
420	23	4
199	30	4
467	145	4
158	1	4
186	188	4
288	33	4
58	3	4
85	58	4
11	12	4
37	28	4
138	76	4
27	12	4
468	84	4
83	8	4
382	40	4
206	314	4
294	398	4
386	180	4
266	469	4
83	18	4
4	98	4
278	221	4
36	233	4
396	105	4
247	58	4
183	36	4
64	333	4
105	7	4
12	135	4
71	239	4
394	326	4
33	71	4
4	62	4
43	153	4
109	61	4
23	133	4
46	231	4
25	327	4
42	30	4
51	47	4
351	201	4
284	7	4
128	497	4
25	82	4
453	3	4
243	19	4
100	23	4
97	17	4
11	1	4
175	127	4
34	77	4
141	13	4
68	426	4
78	242	4
183	98	4
209	45	4
26	2	4
388	124	4
97	100	4
140	269	4
280	308	4
176	339	4
227	276	4
228	31	4
4	5	4
228	310	4
184	139	4
38	26	3
208	150	3
14	25	3
89	80	3
29	189	3
46	293	3
5	491	3
133	335	3
34	6	3
184	68	3
87	175	3
26	1	3
50	38	3
456	294	3
479	192	3
330	12	3
310	294	3
64	29	3
382	23	3
294	105	3
116	141	3
150	256	3
129	255	3
143	3	3
36	106	3
321	6	3
209	61	3
26	35	3
227	111	3
415	328	3
193	126	3
234	104	3
98	226	3
153	16	3
102	147	3
191	492	3
62	490	3
65	62	3
154	88	3
62	241	3
304	459	3
441	303	3
198	17	3
46	29	3
81	4	3
146	44	3
2	54	3
221	2	3
20	6	3
24	434	3
368	336	3
201	150	3
315	188	3
212	105	3
496	229	3
456	310	3
456	23	3
65	44	3
247	208	3
179	147	3
10	464	3
72	144	3
91	6	3
221	1	3
98	367	3
479	174	3
123	113	3
25	51	3
11	193	3
24	44	3
113	35	3
106	462	3
153	138	3
264	68	3
74	1	3
43	68	3
276	162	3
82	329	3
158	74	3
116	126	3
153	30	3
214	77	3
9	85	3
191	370	3
384	295	3
195	170	3
454	362	3
72	93	3
282	20	3
197	20	3
51	22	3
58	257	3
265	53	3
265	415	3
53	415	3
55	35	3
69	17	3
33	163	3
386	76	3
403	76	3
386	403	3
14	4	3
321	287	3
37	38	3
37	277	3
479	85	3
293	32	3
224	365	3
130	65	3
174	77	3
21	117	3
420	64	3
292	41	3
467	49	3
145	49	3
363	445	3
156	212	3
338	133	3
17	15	3
9	32	3
32	127	3
369	203	3
418	203	3
402	220	3
67	166	3
168	26	3
169	2	3
4	9	3
12	498	3
85	199	3
149	28	3
247	85	3
290	131	3
29	263	3
50	116	3
9	63	3
130	104	3
116	54	3
36	41	3
234	7	3
35	429	3
11	357	3
311	201	3
372	42	3
259	134	3
49	248	3
4	91	3
13	137	3
5	307	3
482	130	3
22	94	3
97	329	3
394	329	3
391	193	3
4	89	3
4	48	3
46	189	3
89	32	3
14	16	3
441	23	3
172	340	3
10	119	3
25	47	3
441	69	3
300	170	3
30	103	3
11	28	3
454	92	3
1	148	3
191	5	3
20	30	3
293	99	3
127	189	3
179	28	3
28	59	3
131	364	3
25	392	3
195	33	3
49	298	3
179	59	3
487	99	3
4	233	3
39	1	3
70	393	3
1	267	3
394	10	3
253	283	3
37	164	3
4	30	3
245	30	3
260	113	3
459	90	3
404	196	3
36	29	3
477	225	3
31	40	3
48	157	3
37	18	3
106	6	3
103	76	3
83	1	3
195	31	3
227	273	3
143	62	3
433	41	3
97	295	3
62	104	3
4	1	3
94	47	3
78	7	3
117	339	3
13	54	3
287	364	3
436	120	3
100	51	3
55	160	3
446	175	3
16	28	3
205	59	3
272	20	3
11	154	3
441	110	3
99	190	3
331	347	3
331	31	3
331	23	3
458	85	3
171	30	3
5	139	3
23	21	3
27	121	3
198	63	3
321	134	3
236	377	3
227	35	3
311	274	3
63	13	3
39	299	3
254	251	3
58	129	3
34	76	3
156	395	3
383	6	3
86	30	3
17	71	3
30	148	3
29	474	3
31	71	3
311	68	3
247	29	3
326	112	3
4	29	3
477	290	3
56	138	3
86	42	3
29	368	3
96	285	3
13	323	3
50	5	3
96	170	3
13	242	3
183	287	3
82	318	3
89	327	3
25	96	3
108	54	3
93	32	3
248	346	3
109	45	3
301	13	3
416	472	3
358	272	3
456	345	3
205	83	3
183	76	3
204	12	3
306	117	3
11	126	3
259	34	3
43	145	3
467	43	3
406	103	3
311	3	3
9	429	3
49	302	3
151	32	3
4	121	3
311	220	3
12	88	3
110	335	3
302	171	3
69	310	3
69	170	3
43	106	3
433	345	3
23	22	3
38	120	3
52	193	3
206	138	3
338	23	3
183	356	3
326	347	3
97	347	3
146	416	3
146	109	3
377	113	3
17	96	3
304	17	3
195	40	3
91	190	3
145	139	3
50	301	3
248	68	3
106	34	3
43	34	3
35	242	3
37	301	3
102	1	3
420	152	3
107	8	3
43	5	3
219	108	3
106	5	3
145	7	3
131	251	3
9	242	3
35	160	3
155	15	3
38	57	3
65	180	3
379	320	3
306	421	3
20	89	3
89	148	3
76	180	3
251	148	3
383	68	3
89	251	3
45	387	3
209	387	3
11	332	3
64	256	3
394	155	3
89	5	3
20	148	3
93	370	3
93	139	3
357	470	3
14	63	3
181	129	3
107	1	3
477	4	3
63	157	3
195	169	3
169	176	3
303	163	3
169	339	3
422	127	3
234	25	3
326	31	3
441	22	3
377	35	3
375	52	3
114	133	3
62	30	3
357	12	3
186	167	3
11	83	3
338	170	3
9	272	3
168	126	3
323	296	3
27	272	3
140	29	3
27	9	3
9	6	3
10	427	3
50	193	3
116	301	3
423	67	3
116	187	3
187	13	3
38	8	3
14	83	3
207	308	3
239	15	3
172	362	3
228	2	3
60	118	3
36	287	3
39	291	3
228	162	3
222	133	3
414	27	3
53	56	3
331	459	3
156	66	3
126	13	3
12	1	3
227	55	3
12	267	3
27	142	3
394	51	3
284	166	3
467	320	3
311	192	3
27	20	3
6	127	3
168	8	3
4	72	3
414	259	3
155	239	3
6	77	3
99	6	3
16	246	3
459	382	3
366	315	3
31	51	3
314	42	3
316	8	3
96	347	3
168	39	3
229	376	3
394	382	3
73	470	3
439	474	2
49	442	2
46	462	2
314	361	2
443	201	2
164	1	2
136	268	2
60	132	2
1	34	2
121	42	2
290	358	2
314	245	2
116	38	2
205	38	2
69	96	2
476	10	2
311	49	2
183	451	2
314	30	2
495	49	2
46	68	2
10	239	2
311	431	2
311	93	2
314	451	2
396	77	2
197	6	2
98	6	2
273	35	2
11	40	2
1	120	2
381	206	2
59	299	2
484	246	2
229	246	2
156	396	2
59	8	2
47	82	2
206	210	2
22	47	2
1	299	2
472	203	2
356	5	2
176	15	2
309	403	2
105	82	2
142	30	2
27	230	2
337	179	2
114	71	2
290	20	2
376	233	2
300	69	2
24	45	2
66	1	2
311	376	2
465	291	2
229	311	2
228	64	2
273	89	2
50	74	2
74	157	2
1	30	2
98	30	2
496	376	2
26	336	2
478	256	2
149	120	2
69	382	2
20	142	2
45	242	2
18	5	2
98	309	2
130	309	2
357	353	2
353	88	2
270	273	2
38	2	2
486	225	2
484	225	2
486	38	2
50	8	2
228	267	2
317	2	2
50	159	2
141	2	2
345	111	2
40	78	2
39	28	2
172	124	2
45	308	2
285	21	2
5	287	2
184	339	2
444	7	2
89	160	2
204	425	2
183	48	2
56	30	2
276	420	2
74	153	2
491	242	2
148	103	2
251	62	2
89	62	2
1	251	2
1	62	2
20	1	2
106	175	2
85	1	2
48	248	2
69	295	2
325	289	2
53	13	2
391	63	2
20	220	2
356	220	2
311	225	2
274	340	2
21	424	2
48	150	2
272	302	2
24	272	2
95	27	2
39	52	2
146	171	2
289	262	2
24	171	2
192	157	2
153	451	2
48	192	2
41	2	2
261	19	2
48	92	2
192	248	2
197	292	2
9	53	2
62	117	2
454	230	2
187	16	2
17	119	2
17	169	2
88	13	2
406	4	2
5	117	2
260	377	2
32	480	2
36	480	2
11	168	2
54	57	2
396	7	2
20	85	2
199	171	2
113	242	2
26	120	2
195	162	2
227	89	2
247	348	2
227	113	2
250	469	2
228	119	2
228	481	2
14	250	2
468	342	2
323	242	2
96	94	2
319	283	2
108	41	2
454	172	2
65	104	2
232	490	2
301	141	2
153	32	2
85	113	2
68	6	2
272	6	2
153	20	2
68	32	2
272	32	2
153	272	2
272	68	2
20	210	2
495	346	2
50	12	2
173	22	2
232	241	2
196	126	2
89	59	2
116	219	2
34	298	2
148	76	2
34	171	2
143	298	2
30	132	2
14	13	2
302	77	2
138	3	2
42	3	2
86	76	2
34	148	2
34	132	2
102	118	2
86	132	2
56	86	2
138	132	2
148	132	2
42	148	2
34	42	2
86	34	2
34	138	2
298	6	2
148	3	2
34	3	2
20	86	2
157	58	2
49	20	2
50	83	2
12	79	2
405	13	2
3	76	2
83	16	2
14	343	2
105	78	2
203	105	2
343	13	2
228	335	2
456	17	2
13	85	2
46	5	2
168	353	2
85	214	2
33	152	2
493	311	2
147	434	2
12	28	2
206	429	2
158	410	2
29	462	2
74	26	2
158	30	2
183	28	2
228	494	2
14	82	2
223	187	2
165	376	2
143	226	2
66	193	2
11	66	2
73	221	2
51	318	2
183	358	2
198	291	2
254	309	2
36	231	2
46	238	2
317	1	2
1	78	2
22	327	2
14	59	2
252	13	2
204	158	2
244	16	2
83	59	2
16	34	2
111	355	2
202	225	2
95	202	2
203	61	2
1	143	2
254	1	2
290	226	2
95	225	2
497	327	2
52	120	2
441	327	2
456	497	2
52	3	2
9	139	2
227	139	2
111	139	2
325	42	2
276	139	2
52	8	2
41	104	2
287	76	2
276	111	2
356	367	2
198	2	2
12	8	2
234	62	2
332	59	2
234	30	2
34	103	2
49	475	2
42	445	2
53	111	2
53	160	2
332	410	2
4	24	2
236	327	2
18	230	2
11	122	2
210	8	2
107	296	2
107	323	2
414	4	2
208	255	2
43	245	2
462	5	2
5	150	2
245	5	2
159	62	2
92	351	2
317	122	2
435	372	2
494	96	2
493	192	2
74	54	2
87	263	2
232	16	2
232	244	2
265	133	2
73	54	2
483	75	2
86	8	2
191	293	2
13	18	2
13	1	2
249	177	2
149	408	2
377	78	2
272	103	2
183	27	2
186	491	2
403	180	2
13	35	2
13	21	2
184	117	2
74	108	2
204	79	2
301	18	2
42	103	2
210	220	2
4	471	2
12	38	2
249	312	2
44	308	2
121	258	2
46	269	2
485	320	2
17	117	2
11	18	2
106	208	2
378	9	2
375	350	2
198	18	2
69	162	2
264	48	2
264	241	2
190	139	2
106	190	2
106	139	2
99	139	2
313	86	2
414	231	2
394	33	2
249	191	2
20	34	2
289	373	2
289	231	2
231	373	2
414	289	2
414	373	2
454	166	2
95	381	2
195	239	2
411	225	2
114	22	2
345	481	2
485	41	2
262	42	2
85	30	2
85	103	2
228	40	2
289	56	2
56	231	2
335	390	2
414	56	2
56	373	2
325	56	2
109	452	2
250	62	2
4	32	2
56	256	2
53	256	2
53	417	2
39	296	2
9	432	2
311	89	2
46	140	2
140	266	2
236	26	2
99	91	2
46	266	2
141	26	2
48	91	2
39	13	2
4	245	2
91	32	2
453	7	2
48	32	2
99	32	2
311	32	2
53	77	2
435	56	2
161	32	2
18	129	2
176	152	2
5	246	2
493	5	2
282	246	2
246	190	2
52	2	2
17	310	2
10	17	2
26	18	2
65	121	2
29	127	2
195	300	2
119	347	2
73	36	2
2	6	2
102	18	2
107	54	2
383	2	2
121	104	2
325	121	2
21	54	2
117	54	2
91	21	2
91	54	2
16	469	2
179	54	2
25	13	2
80	368	2
140	80	2
206	62	2
55	273	2
62	103	2
284	35	2
81	62	2
183	131	2
81	197	2
224	157	2
72	131	2
287	3	2
27	134	2
121	134	2
46	279	2
154	135	2
50	30	2
65	148	2
70	124	2
396	284	2
468	474	2
10	377	2
163	239	2
25	162	2
58	76	2
19	211	2
17	335	2
228	170	2
325	86	2
235	283	2
439	84	2
116	179	2
278	1	2
156	284	2
284	77	2
55	126	2
55	78	2
81	30	2
313	434	2
109	373	2
4	313	2
4	434	2
121	434	2
313	121	2
16	434	2
313	16	2
16	121	2
91	434	2
313	91	2
121	91	2
16	91	2
27	434	2
313	27	2
27	91	2
74	52	2
43	220	2
23	294	2
24	176	2
64	189	2
157	258	2
234	24	2
234	105	2
228	420	2
11	5	2
473	209	2
198	77	2
456	105	2
110	310	2
422	269	2
477	373	2
74	79	2
113	5	2
264	491	2
453	129	2
76	339	2
74	18	2
186	39	2
186	55	2
87	6	2
209	245	2
399	422	2
451	76	2
29	422	2
159	451	2
83	291	2
259	42	2
11	410	2
11	149	2
146	88	2
29	336	2
149	5	2
155	176	2
23	105	2
97	310	2
437	63	2
46	177	2
487	446	2
48	161	2
173	51	2
48	356	2
232	81	2
3	255	2
140	87	2
36	72	2
110	69	2
62	361	2
84	336	2
459	303	2
225	62	2
137	350	2
74	2	2
14	187	2
20	364	2
246	134	2
254	247	2
43	166	2
107	141	2
33	387	2
195	24	2
195	100	2
282	103	2
316	83	2
316	228	2
316	25	2
97	24	2
251	160	2
138	104	2
275	15	2
46	6	2
282	251	2
69	10	2
69	31	2
280	45	2
46	48	2
467	286	2
402	68	2
311	138	2
68	142	2
68	3	2
33	23	2
244	76	2
277	79	2
20	180	2
271	166	2
282	62	2
98	62	2
27	153	2
27	62	2
282	3	2
163	128	2
20	3	2
360	220	2
176	387	2
326	78	2
60	102	2
149	410	2
1	79	2
17	162	2
179	2	2
97	169	2
311	181	2
375	63	2
273	1	2
486	358	2
14	57	2
228	24	2
60	7	2
236	242	2
131	429	2
50	141	2
203	44	2
459	10	2
98	181	2
183	3	2
98	3	2
83	193	2
436	470	2
394	31	2
12	89	2
171	132	2
138	171	2
16	141	2
141	8	2
31	127	2
274	5	2
89	426	2
274	89	2
409	18	2
357	88	2
205	12	2
294	51	2
380	188	2
50	120	2
126	120	2
108	63	2
223	63	2
63	188	2
158	323	2
154	2	2
6	175	2
48	233	2
263	175	2
150	233	2
201	263	2
263	127	2
88	59	2
120	79	2
470	120	2
149	193	2
236	32	2
236	89	2
186	9	2
401	96	2
32	3	2
123	18	2
46	72	2
14	141	2
14	116	2
86	373	2
192	233	2
124	7	2
17	494	2
33	31	2
494	71	2
293	231	2
33	17	2
316	13	2
227	260	2
269	127	2
116	12	2
12	259	2
52	12	2
84	127	2
140	84	2
310	63	2
33	464	2
116	120	2
116	52	2
44	45	2
116	57	2
37	493	2
56	262	2
395	346	2
405	346	2
136	326	2
222	12	2
187	431	2
69	327	2
394	295	2
98	56	2
262	6	2
86	77	2
86	262	2
116	28	2
7	84	2
158	11	2
185	5	2
100	10	2
100	31	2
171	120	2
98	131	2
193	1	2
232	27	2
232	197	2
58	104	2
131	226	2
367	226	2
121	21	2
338	390	2
369	61	2
11	454	2
436	375	2
395	368	2
411	65	2
252	104	2
394	339	2
44	180	2
63	91	2
179	1	2
20	241	2
4	407	2
4	259	2
4	241	2
22	8	2
228	110	2
52	169	2
448	346	2
265	170	2
353	472	2
459	339	2
36	56	2
183	5	2
247	5	2
56	5	2
29	5	2
4	56	2
14	425	2
49	428	2
36	247	2
420	7	2
87	340	2
433	166	2
183	247	2
183	56	2
247	56	2
183	29	2
29	56	2
43	233	2
18	267	2
22	82	2
260	89	2
391	104	2
97	21	2
97	228	2
68	324	2
324	426	2
87	29	2
96	22	2
73	12	2
95	45	2
246	76	2
103	241	2
163	275	2
10	24	2
458	257	2
96	329	2
186	236	2
17	82	2
31	82	2
322	123	2
259	20	2
317	332	2
72	85	2
270	447	2
317	353	2
300	281	2
115	300	2
115	281	2
456	285	2
369	418	2
292	320	2
4	367	2
4	356	2
72	201	2
311	351	2
322	431	2
26	137	2
20	76	2
246	148	2
225	246	2
234	4	2
282	358	2
395	396	2
20	41	2
389	103	2
20	407	2
254	159	2
254	451	2
493	274	2
138	220	2
402	138	2
199	348	2
341	161	2
245	35	2
149	252	2
457	384	2
374	150	2
28	34	2
175	189	2
204	154	2
431	274	2
252	28	2
24	61	2
140	7	2
41	262	2
156	348	2
9	41	2
284	491	2
245	142	2
98	245	2
197	259	2
248	144	2
246	451	2
484	4	2
72	91	2
389	356	2
425	38	2
72	287	2
74	16	2
9	12	2
225	20	2
6	144	2
93	6	2
2	144	2
192	491	2
454	388	2
55	17	2
232	62	2
178	267	2
10	294	2
64	217	2
259	407	2
234	53	2
209	472	2
17	22	2
67	124	2
145	324	2
93	144	2
248	220	2
7	3	2
169	184	2
281	75	2
14	79	2
26	8	2
49	8	2
495	302	2
288	128	2
107	327	2
107	13	2
260	9	2
264	87	2
246	226	2
492	38	2
9	492	2
107	245	2
209	109	2
9	13	2
24	393	2
5	256	2
4	180	2
29	68	2
406	298	2
231	298	2
298	80	2
68	298	2
89	184	2
406	89	2
89	231	2
89	68	2
89	298	2
29	184	2
29	231	2
29	298	2
29	89	2
116	21	2
6	3	2
184	298	2
68	80	2
68	231	2
406	68	2
135	147	2
406	184	2
184	231	2
406	231	2
184	80	2
406	80	2
231	80	2
46	80	2
44	61	2
228	203	2
27	259	2
268	288	2
425	277	2
414	44	2
190	8	2
120	57	2
116	59	2
394	15	2
317	11	2
117	8	2
458	402	2
28	355	2
227	53	2
53	35	2
213	1	2
405	26	2
83	405	2
83	26	2
265	84	2
406	84	2
29	279	2
265	29	2
66	337	2
229	32	2
229	175	2
380	343	2
24	240	2
84	279	2
265	279	2
406	279	2
406	265	2
86	62	2
63	192	2
204	470	2
482	65	2
204	63	2
139	267	2
187	8	2
351	166	2
430	137	2
282	131	2
4	68	2
237	396	2
479	7	2
240	217	2
237	10	2
237	155	2
466	6	2
446	58	2
11	59	2
171	142	2
171	174	2
17	51	2
17	114	2
405	1	2
416	71	2
301	446	2
91	231	2
91	266	2
91	307	2
72	190	2
72	307	2
231	287	2
231	307	2
12	458	2
12	184	2
373	42	2
23	347	2
222	63	2
116	430	2
221	79	2
265	295	2
205	228	2
342	208	2
36	80	2
16	35	2
17	319	2
321	61	2
21	426	2
181	361	2
223	193	2
477	389	2
25	23	2
302	99	2
307	7	2
4	153	2
158	12	2
176	40	2
364	134	2
278	57	2
1	137	2
228	117	2
119	370	2
23	390	2
31	79	2
300	31	2
16	429	2
316	16	2
259	1	2
273	2	2
146	24	2
81	85	2
285	481	2
240	19	2
81	199	2
232	259	2
98	259	2
304	23	2
234	23	2
16	45	2
187	429	2
83	355	2
48	93	2
418	111	2
39	398	2
9	16	2
81	65	2
4	17	2
133	22	2
100	207	2
240	214	2
380	16	2
74	492	2
414	416	2
112	275	2
74	191	2
16	38	2
389	314	2
9	343	2
389	251	2
9	57	2
6	364	2
210	137	2
470	2	2
69	56	2
441	56	2
219	2	2
97	294	2
197	75	2
139	370	2
56	77	2
96	335	2
85	3	2
225	364	2
83	38	2
456	90	2
419	137	2
17	128	2
14	254	2
344	128	2
268	384	2
212	64	2
121	171	2
401	17	2
156	64	2
468	29	2
314	364	2
202	1	2
47	329	2
93	287	2
496	89	2
37	137	2
41	6	2
93	3	2
4	93	2
325	373	2
22	226	2
22	134	2
11	26	2
131	171	2
122	25	2
291	1	2
43	292	2
28	8	2
179	60	2
122	102	2
100	109	2
314	76	2
25	21	2
183	6	2
6	480	2
356	252	2
352	154	2
46	91	2
159	171	2
11	404	2
204	2	2
16	2	2
85	257	2
97	387	2
113	160	2
115	66	2
294	437	2
4	364	2
229	431	2
111	22	2
91	139	2
14	228	2
73	37	2
95	132	2
24	207	2
43	131	2
251	451	2
411	98	2
301	395	2
72	273	2
148	241	2
434	150	2
473	44	2
4	132	2
145	292	2
4	86	2
43	183	2
183	34	2
183	44	2
55	236	2
145	445	2
183	106	2
145	255	2
148	428	2
165	406	2
467	44	2
311	44	2
467	311	2
37	12	2
66	77	2
145	333	2
110	303	2
145	44	2
379	311	2
48	383	2
389	282	2
203	318	2
330	50	2
129	77	2
326	128	2
254	20	2
389	20	2
183	341	2
495	442	2
462	178	2
11	20	2
467	41	2
169	38	2
145	383	2
37	16	2
16	437	2
467	131	2
37	437	2
130	30	2
11	73	2
430	408	2
213	234	2
274	192	2
234	356	2
204	213	2
418	472	2
254	27	2
43	36	2
272	42	2
98	68	2
107	39	2
327	242	2
197	138	2
251	138	2
56	251	2
331	162	2
17	387	2
327	78	2
218	419	2
455	452	2
484	134	2
467	34	2
83	123	2
145	34	2
330	2	2
44	34	2
311	106	2
106	44	2
467	106	2
43	44	2
467	5	2
145	5	2
43	311	2
224	208	2
20	143	2
133	51	2
86	226	2
175	84	2
446	287	2
5	255	2
32	370	2
203	51	2
2	8	2
172	151	2
247	150	2
236	35	2
340	151	2
398	335	2
37	187	2
470	12	2
257	77	2
65	20	2
9	174	2
414	148	2
38	277	2
195	326	2
201	266	2
414	62	2
325	132	2
224	32	2
27	174	2
400	298	2
315	169	2
9	38	2
466	256	2
28	18	2
260	242	2
130	1	2
85	89	2
64	80	2
121	76	2
98	76	2
270	173	2
34	143	2
330	154	2
284	105	2
301	5	2
272	174	2
186	273	2
290	225	2
65	259	2
268	33	2
415	261	2
95	64	2
36	63	2
265	261	2
53	261	2
5	148	2
95	142	2
30	3	2
51	57	2
27	6	2
264	220	2
261	160	2
205	2	2
470	277	2
46	64	2
464	427	2
486	290	2
257	21	2
470	135	2
117	370	2
73	38	2
110	23	2
342	190	2
184	342	2
27	171	2
11	116	2
204	73	2
317	12	2
186	2	2
171	6	2
84	474	2
342	426	2
284	2	2
27	5	2
81	20	2
417	491	2
186	111	2
389	148	2
331	40	2
186	284	2
81	272	2
233	426	2
32	256	2
311	413	2
42	258	2
389	131	2
12	323	2
456	96	2
413	233	2
453	247	2
179	12	2
166	5	2
74	186	2
50	444	2
71	176	2
38	126	2
486	411	2
420	192	2
36	16	2
231	6	2
166	6	2
88	1	2
37	52	2
177	139	2
99	166	2
7	214	2
85	143	2
479	214	2
107	405	2
335	295	2
43	26	2
291	52	2
144	370	2
142	3	2
209	44	2
482	76	2
123	42	2
409	77	2
74	102	2
115	343	2
493	431	2
234	35	2
352	375	2
82	392	2
453	255	2
183	226	1
435	386	1
411	226	1
10	51	1
395	432	1
100	196	1
196	469	1
395	360	1
432	360	1
100	469	1
312	25	1
397	312	1
411	183	1
185	142	1
25	214	1
312	214	1
397	214	1
492	214	1
156	237	1
29	166	1
409	441	1
441	18	1
331	117	1
10	22	1
459	239	1
168	2	1
27	226	1
411	27	1
83	2	1
177	459	1
177	239	1
302	442	1
496	432	1
13	218	1
55	302	1
186	302	1
55	39	1
39	302	1
266	6	1
165	458	1
224	48	1
224	248	1
68	139	1
72	141	1
72	13	1
141	5	1
13	5	1
17	111	1
372	117	1
43	372	1
43	117	1
53	284	1
346	54	1
87	84	1
297	169	1
227	32	1
93	323	1
91	323	1
91	93	1
227	236	1
250	39	1
145	485	1
97	90	1
304	97	1
377	263	1
496	263	1
496	87	1
115	323	1
87	377	1
496	377	1
228	90	1
304	228	1
195	228	1
66	83	1
326	215	1
223	430	1
159	86	1
64	193	1
193	2	1
64	2	1
10	215	1
78	215	1
10	78	1
73	193	1
73	64	1
484	68	1
60	117	1
285	30	1
30	162	1
431	127	1
345	127	1
431	345	1
320	256	1
402	360	1
285	162	1
32	175	1
431	6	1
163	134	1
229	64	1
229	458	1
64	458	1
345	175	1
229	345	1
229	127	1
431	175	1
345	32	1
431	32	1
406	125	1
95	372	1
305	102	1
24	178	1
487	231	1
352	430	1
345	6	1
229	6	1
206	26	1
259	293	1
234	486	1
234	84	1
486	84	1
259	5	1
304	151	1
437	231	1
115	154	1
382	31	1
222	31	1
222	382	1
228	59	1
382	267	1
267	79	1
222	79	1
382	79	1
222	267	1
31	267	1
147	113	1
482	135	1
116	115	1
234	83	1
487	52	1
487	180	1
52	180	1
91	339	1
135	298	1
14	5	1
130	125	1
330	298	1
330	135	1
495	315	1
495	169	1
315	351	1
169	351	1
495	351	1
141	327	1
53	86	1
86	248	1
248	77	1
323	299	1
430	139	1
337	8	1
53	248	1
211	194	1
12	65	1
317	65	1
362	124	1
146	280	1
88	18	1
159	35	1
383	134	1
83	5	1
115	297	1
187	1	1
29	434	1
16	86	1
400	5	1
164	107	1
95	44	1
165	332	1
276	348	1
348	162	1
335	346	1
335	7	1
420	335	1
17	457	1
304	457	1
205	17	1
289	26	1
389	93	1
205	198	1
9	93	1
389	9	1
459	40	1
304	40	1
204	9	1
366	90	1
291	38	1
111	113	1
340	427	1
50	100	1
50	146	1
153	131	1
50	164	1
164	26	1
164	5	1
26	5	1
302	426	1
492	426	1
492	99	1
99	426	1
254	153	1
492	302	1
69	15	1
364	181	1
155	69	1
394	69	1
364	3	1
191	29	1
191	19	1
29	19	1
16	65	1
123	1	1
234	461	1
397	25	1
330	108	1
36	245	1
50	36	1
16	138	1
35	138	1
245	138	1
47	392	1
50	138	1
36	35	1
36	138	1
186	157	1
36	30	1
16	30	1
35	30	1
97	370	1
50	245	1
16	245	1
50	16	1
204	148	1
95	42	1
338	110	1
14	355	1
110	265	1
14	28	1
20	308	1
20	45	1
16	20	1
234	349	1
145	19	1
219	83	1
212	160	1
198	102	1
198	147	1
145	240	1
168	135	1
135	88	1
168	88	1
17	79	1
27	117	1
202	5	1
202	191	1
37	206	1
223	219	1
223	141	1
219	141	1
16	131	1
212	237	1
312	446	1
55	418	1
131	308	1
131	45	1
16	308	1
313	56	1
228	221	1
221	329	1
228	329	1
264	214	1
247	181	1
22	407	1
407	226	1
407	134	1
455	406	1
286	41	1
145	279	1
288	112	1
286	36	1
383	279	1
356	138	1
356	56	1
356	251	1
234	251	1
234	197	1
197	356	1
5	267	1
393	71	1
197	56	1
197	251	1
470	251	1
357	251	1
68	279	1
145	68	1
488	147	1
288	239	1
35	101	1
35	415	1
234	227	1
294	318	1
415	101	1
328	47	1
383	333	1
432	40	1
109	295	1
109	384	1
263	319	1
17	263	1
229	485	1
114	18	1
66	88	1
115	88	1
454	151	1
136	401	1
186	16	1
224	4	1
98	306	1
224	62	1
147	7	1
147	68	1
68	7	1
22	481	1
95	143	1
64	160	1
228	297	1
17	297	1
165	3	1
276	233	1
114	329	1
29	99	1
20	444	1
110	494	1
136	31	1
11	444	1
282	254	1
317	323	1
430	469	1
21	334	1
486	185	1
401	354	1
107	408	1
2	491	1
172	351	1
332	180	1
2	180	1
28	323	1
168	291	1
168	205	1
116	162	1
213	41	1
41	1	1
304	295	1
404	34	1
81	60	1
117	426	1
107	220	1
405	220	1
87	75	1
140	75	1
13	220	1
104	258	1
56	258	1
72	215	1
380	83	1
193	35	1
137	408	1
81	34	1
81	298	1
206	373	1
234	290	1
50	21	1
78	61	1
107	78	1
107	61	1
60	63	1
107	63	1
63	78	1
63	61	1
107	60	1
60	78	1
60	61	1
234	162	1
165	35	1
158	203	1
68	333	1
165	68	1
165	333	1
72	68	1
72	333	1
165	72	1
35	333	1
227	327	1
333	6	1
165	6	1
62	194	1
72	35	1
35	68	1
35	6	1
50	18	1
106	431	1
178	194	1
197	194	1
197	178	1
195	51	1
360	451	1
416	44	1
84	80	1
477	360	1
477	451	1
378	356	1
224	7	1
20	138	1
20	104	1
456	31	1
356	34	1
378	34	1
172	388	1
228	412	1
234	228	1
234	412	1
10	392	1
33	96	1
33	310	1
310	285	1
33	285	1
106	131	1
114	294	1
148	6	1
106	20	1
206	427	1
482	206	1
206	298	1
62	427	1
482	62	1
62	298	1
482	143	1
482	427	1
427	298	1
482	298	1
143	427	1
206	143	1
394	459	1
95	13	1
377	427	1
17	275	1
140	233	1
420	275	1
195	155	1
51	21	1
229	211	1
116	91	1
116	307	1
292	301	1
301	199	1
292	199	1
197	301	1
197	199	1
301	62	1
292	62	1
199	62	1
154	60	1
179	154	1
197	62	1
301	30	1
292	30	1
197	30	1
81	301	1
81	292	1
301	85	1
197	103	1
292	85	1
197	85	1
85	62	1
301	103	1
292	103	1
199	103	1
382	176	1
326	133	1
456	195	1
382	434	1
176	434	1
353	187	1
300	396	1
300	212	1
24	382	1
212	396	1
300	105	1
465	54	1
353	60	1
31	427	1
356	161	1
236	398	1
106	68	1
414	225	1
48	225	1
48	413	1
234	494	1
316	17	1
423	172	1
17	83	1
300	347	1
17	8	1
28	461	1
467	48	1
48	220	1
140	175	1
195	133	1
467	413	1
413	220	1
230	151	1
230	340	1
413	225	1
225	233	1
467	225	1
225	220	1
467	220	1
233	220	1
467	233	1
198	59	1
107	44	1
462	174	1
9	226	1
9	462	1
174	226	1
462	226	1
422	359	1
50	219	1
414	65	1
158	119	1
158	115	1
97	38	1
119	38	1
115	38	1
158	38	1
158	97	1
97	115	1
115	119	1
38	78	1
334	101	1
135	120	1
135	79	1
470	425	1
379	446	1
395	29	1
62	373	1
153	5	1
33	114	1
33	51	1
394	133	1
33	133	1
394	114	1
197	272	1
197	130	1
272	76	1
130	76	1
197	76	1
130	272	1
229	307	1
332	219	1
301	332	1
301	219	1
332	26	1
219	26	1
332	120	1
219	120	1
301	120	1
332	38	1
301	38	1
301	2	1
2	120	1
55	170	1
122	139	1
245	364	1
221	291	1
484	42	1
142	42	1
385	3	1
494	481	1
353	57	1
353	118	1
118	57	1
209	200	1
44	200	1
141	85	1
312	457	1
229	123	1
46	241	1
94	329	1
34	307	1
229	34	1
328	68	1
458	6	1
297	498	1
39	60	1
379	424	1
381	91	1
381	231	1
36	324	1
414	49	1
414	475	1
219	218	1
115	193	1
219	60	1
413	432	1
245	103	1
98	103	1
195	110	1
232	417	1
449	3	1
41	26	1
198	12	1
12	480	1
12	26	1
12	41	1
198	62	1
62	480	1
26	62	1
41	62	1
12	62	1
41	480	1
2	480	1
198	41	1
49	324	1
49	208	1
106	49	1
198	480	1
198	26	1
26	480	1
441	214	1
2	62	1
73	198	1
73	480	1
73	26	1
73	41	1
73	62	1
382	393	1
482	233	1
482	311	1
268	110	1
108	425	1
441	89	1
89	22	1
4	282	1
494	335	1
322	463	1
43	208	1
118	137	1
88	296	1
53	334	1
218	137	1
273	77	1
273	34	1
64	15	1
326	33	1
212	307	1
37	118	1
37	218	1
37	419	1
118	419	1
292	9	1
405	38	1
224	177	1
224	139	1
141	38	1
36	7	1
188	370	1
125	62	1
402	5	1
479	387	1
74	278	1
141	103	1
498	18	1
59	58	1
158	267	1
489	323	1
284	13	1
240	180	1
272	3	1
460	80	1
396	80	1
460	127	1
396	127	1
106	324	1
29	77	1
477	99	1
12	99	1
195	10	1
380	301	1
301	54	1
195	25	1
25	90	1
244	77	1
302	298	1
244	298	1
171	298	1
171	77	1
298	77	1
302	143	1
244	143	1
171	143	1
382	53	1
195	53	1
244	302	1
244	171	1
143	77	1
302	34	1
302	6	1
244	6	1
143	6	1
295	144	1
497	144	1
326	144	1
326	497	1
497	295	1
436	477	1
168	277	1
250	187	1
234	154	1
117	6	1
148	258	1
49	148	1
5	258	1
49	5	1
417	256	1
56	417	1
417	77	1
77	256	1
49	258	1
17	346	1
116	39	1
462	302	1
173	339	1
352	2	1
237	284	1
302	78	1
462	78	1
498	34	1
43	256	1
294	374	1
43	98	1
43	181	1
43	411	1
205	299	1
287	440	1
411	181	1
17	170	1
56	240	1
439	403	1
439	132	1
165	260	1
64	184	1
324	208	1
145	208	1
323	8	1
102	8	1
98	102	1
98	8	1
228	349	1
385	218	1
263	336	1
55	22	1
58	143	1
247	143	1
453	143	1
20	58	1
247	20	1
453	20	1
453	85	1
453	58	1
57	350	1
248	474	1
195	346	1
57	419	1
427	162	1
99	150	1
337	52	1
11	277	1
28	277	1
73	79	1
396	124	1
62	220	1
248	62	1
19	233	1
36	19	1
4	19	1
356	32	1
441	276	1
26	57	1
26	350	1
36	434	1
28	148	1
2	350	1
2	57	1
4	2	1
4	26	1
4	57	1
4	350	1
40	347	1
489	1	1
80	57	1
58	57	1
360	174	1
46	263	1
58	80	1
100	308	1
249	27	1
58	364	1
351	58	1
484	58	1
225	58	1
38	58	1
486	85	1
85	364	1
85	351	1
484	85	1
225	85	1
38	85	1
274	491	1
89	491	1
378	71	1
486	58	1
225	38	1
89	257	1
89	241	1
72	89	1
257	160	1
160	241	1
72	160	1
257	148	1
72	148	1
160	148	1
20	257	1
72	20	1
72	241	1
72	251	1
72	257	1
331	382	1
251	257	1
257	241	1
251	241	1
20	160	1
257	142	1
484	38	1
484	364	1
484	351	1
225	351	1
38	364	1
38	351	1
486	484	1
351	364	1
251	142	1
142	241	1
72	142	1
89	142	1
142	160	1
142	148	1
4	257	1
4	160	1
486	364	1
486	351	1
159	262	1
186	144	1
52	492	1
108	419	1
108	57	1
54	419	1
195	331	1
316	52	1
304	69	1
304	382	1
305	329	1
277	1	1
26	6	1
420	329	1
302	185	1
385	66	1
495	8	1
495	103	1
103	8	1
282	451	1
282	76	1
164	108	1
282	30	1
24	185	1
213	323	1
51	152	1
51	15	1
375	299	1
52	299	1
116	99	1
268	368	1
288	368	1
197	358	1
384	497	1
380	108	1
108	38	1
35	139	1
476	67	1
1	139	1
1	35	1
46	336	1
268	163	1
268	239	1
25	384	1
25	497	1
107	18	1
342	248	1
322	13	1
305	92	1
281	63	1
43	281	1
43	63	1
375	35	1
98	126	1
126	469	1
375	160	1
98	469	1
473	220	1
473	210	1
14	8	1
4	8	1
158	120	1
314	287	1
278	294	1
496	82	1
353	323	1
168	323	1
340	182	1
67	182	1
141	469	1
356	93	1
72	356	1
50	57	1
232	208	1
232	106	1
177	33	1
111	377	1
247	233	1
27	247	1
211	348	1
375	16	1
16	299	1
27	233	1
3	233	1
477	35	1
314	93	1
183	93	1
4	287	1
413	21	1
314	3	1
93	76	1
312	5	1
249	5	1
55	110	1
272	321	1
389	159	1
159	134	1
159	246	1
451	103	1
103	134	1
159	103	1
4	134	1
4	159	1
4	103	1
187	296	1
154	57	1
462	469	1
254	246	1
107	52	1
431	432	1
389	451	1
451	134	1
389	134	1
254	134	1
389	246	1
369	51	1
25	299	1
156	260	1
14	96	1
14	299	1
364	220	1
127	220	1
364	127	1
96	299	1
165	220	1
165	364	1
165	127	1
27	220	1
27	127	1
165	27	1
27	89	1
32	220	1
32	364	1
165	32	1
27	32	1
27	364	1
153	89	1
272	220	1
272	364	1
272	127	1
165	272	1
153	220	1
153	364	1
153	127	1
165	153	1
9	220	1
9	364	1
9	127	1
165	9	1
153	9	1
89	220	1
89	364	1
89	127	1
165	89	1
272	89	1
35	336	1
93	339	1
326	457	1
457	162	1
326	162	1
457	21	1
326	21	1
21	162	1
457	216	1
326	216	1
216	162	1
306	3	1
464	377	1
128	178	1
30	77	1
482	159	1
486	246	1
486	148	1
187	449	1
257	42	1
86	258	1
168	196	1
130	3	1
457	78	1
119	71	1
97	71	1
177	312	1
264	80	1
454	67	1
131	68	1
37	287	1
191	210	1
158	281	1
25	383	1
268	71	1
107	5	1
17	5	1
23	438	1
107	17	1
249	295	1
146	387	1
24	387	1
14	405	1
128	295	1
46	342	1
94	15	1
122	83	1
229	238	1
254	367	1
356	254	1
27	367	1
27	131	1
264	41	1
356	131	1
430	328	1
430	63	1
63	328	1
304	71	1
264	433	1
39	410	1
42	139	1
156	93	1
400	333	1
25	306	1
59	267	1
104	346	1
448	104	1
389	143	1
477	143	1
486	143	1
389	486	1
477	486	1
10	305	1
48	287	1
165	48	1
192	287	1
165	287	1
165	192	1
43	408	1
26	408	1
290	272	1
142	226	1
349	42	1
35	491	1
205	346	1
117	346	1
405	117	1
384	31	1
236	38	1
131	142	1
158	18	1
363	402	1
48	16	1
367	142	1
205	9	1
72	370	1
59	178	1
352	350	1
352	52	1
52	350	1
467	428	1
110	93	1
297	22	1
12	293	1
321	12	1
46	12	1
264	301	1
301	87	1
99	364	1
99	287	1
381	125	1
91	184	1
130	206	1
234	249	1
234	178	1
159	226	1
69	22	1
317	489	1
489	222	1
317	222	1
36	343	1
24	148	1
234	146	1
234	313	1
146	313	1
10	144	1
456	446	1
64	103	1
259	103	1
157	103	1
225	103	1
64	20	1
406	20	1
20	157	1
435	206	1
204	122	1
371	388	1
362	443	1
205	169	1
64	157	1
259	157	1
406	157	1
225	64	1
225	259	1
406	225	1
225	157	1
406	259	1
406	64	1
64	259	1
195	476	1
472	34	1
234	307	1
112	133	1
105	307	1
176	112	1
183	112	1
183	176	1
165	38	1
4	445	1
165	12	1
404	126	1
377	327	1
81	18	1
436	57	1
211	434	1
211	150	1
357	179	1
282	129	1
129	175	1
282	175	1
11	307	1
11	141	1
452	104	1
14	17	1
492	320	1
492	108	1
108	320	1
251	424	1
82	283	1
131	424	1
205	39	1
136	497	1
268	497	1
396	76	1
290	314	1
315	181	1
389	290	1
389	30	1
290	30	1
183	30	1
389	76	1
290	76	1
236	188	1
236	3	1
149	30	1
74	37	1
223	353	1
410	398	1
158	384	1
198	75	1
52	75	1
232	104	1
458	351	1
99	75	1
457	71	1
109	280	1
462	152	1
311	428	1
41	428	1
311	41	1
14	88	1
394	230	1
394	17	1
17	230	1
394	117	1
230	117	1
83	63	1
316	60	1
204	147	1
122	299	1
122	59	1
156	16	1
294	387	1
209	58	1
294	178	1
209	62	1
58	62	1
119	15	1
36	209	1
36	58	1
36	62	1
317	336	1
317	26	1
52	59	1
9	58	1
9	77	1
31	176	1
58	32	1
32	77	1
58	6	1
74	405	1
158	405	1
153	405	1
153	410	1
405	410	1
158	153	1
405	30	1
482	294	1
136	64	1
312	91	1
409	355	1
409	111	1
197	153	1
294	104	1
482	104	1
228	13	1
119	239	1
138	2	1
16	123	1
477	6	1
103	490	1
364	241	1
252	123	1
73	350	1
198	89	1
406	471	1
6	419	1
186	80	1
414	262	1
262	373	1
486	126	1
81	126	1
231	262	1
50	1	1
276	294	1
294	117	1
276	117	1
165	482	1
149	18	1
364	490	1
482	481	1
165	481	1
55	246	1
91	417	1
395	246	1
55	395	1
395	16	1
55	16	1
17	398	1
17	488	1
384	21	1
488	398	1
405	267	1
154	469	1
105	444	1
249	21	1
36	256	1
5	238	1
227	287	1
227	6	1
293	370	1
178	370	1
300	17	1
125	91	1
191	178	1
293	178	1
284	22	1
48	365	1
48	432	1
365	432	1
174	3	1
26	54	1
54	137	1
316	66	1
95	309	1
484	209	1
484	1	1
309	54	1
212	3	1
43	20	1
223	378	1
223	75	1
378	75	1
92	402	1
48	402	1
85	348	1
209	1	1
141	57	1
460	284	1
276	324	1
50	276	1
50	324	1
193	425	1
266	241	1
248	266	1
383	248	1
46	383	1
46	248	1
68	266	1
140	383	1
140	248	1
140	68	1
321	5	1
105	35	1
1	77	1
383	266	1
252	57	1
352	27	1
452	407	1
170	335	1
303	170	1
303	133	1
23	335	1
135	32	1
16	405	1
311	458	1
416	24	1
311	85	1
33	119	1
332	324	1
2	324	1
14	282	1
59	6	1
14	6	1
83	6	1
492	190	1
125	199	1
54	79	1
9	79	1
9	54	1
1	451	1
458	120	1
120	84	1
468	120	1
468	458	1
458	84	1
301	137	1
290	185	1
346	129	1
131	143	1
300	96	1
232	57	1
115	85	1
147	54	1
14	192	1
475	32	1
192	32	1
264	32	1
63	32	1
14	32	1
359	368	1
14	264	1
14	475	1
473	245	1
116	113	1
475	192	1
264	475	1
264	192	1
63	475	1
264	63	1
250	198	1
34	471	1
37	26	1
457	111	1
56	334	1
133	271	1
69	105	1
360	76	1
129	180	1
145	20	1
50	108	1
417	258	1
92	151	1
383	323	1
2	323	1
172	166	1
205	141	1
484	282	1
484	103	1
177	342	1
98	220	1
57	79	1
20	361	1
14	170	1
251	364	1
246	364	1
116	297	1
168	450	1
485	426	1
143	21	1
485	143	1
143	426	1
19	21	1
485	19	1
19	426	1
19	143	1
100	79	1
100	1	1
224	439	1
439	208	1
439	93	1
119	21	1
37	379	1
379	1	1
93	208	1
224	93	1
485	21	1
121	143	1
121	142	1
142	143	1
94	318	1
44	7	1
66	7	1
66	44	1
183	18	1
4	18	1
455	356	1
455	27	1
20	99	1
143	491	1
413	7	1
122	35	1
484	226	1
300	40	1
294	239	1
397	294	1
397	239	1
397	10	1
465	193	1
465	50	1
87	23	1
50	266	1
26	266	1
70	327	1
13	79	1
195	392	1
300	392	1
262	137	1
298	137	1
41	137	1
6	137	1
41	298	1
262	298	1
50	85	1
130	452	1
306	230	1
306	333	1
230	333	1
66	341	1
483	341	1
483	66	1
458	231	1
69	387	1
97	69	1
486	226	1
97	142	1
394	142	1
64	19	1
67	415	1
304	327	1
301	79	1
123	498	1
311	320	1
482	289	1
386	104	1
104	42	1
386	42	1
25	281	1
115	25	1
9	40	1
12	118	1
489	330	1
396	56	1
250	53	1
456	359	1
250	1	1
102	170	1
53	1	1
166	263	1
351	263	1
81	84	1
81	48	1
81	140	1
168	86	1
39	86	1
81	376	1
376	84	1
48	376	1
48	84	1
140	376	1
140	48	1
68	208	1
130	41	1
50	2	1
20	134	1
63	398	1
453	282	1
286	72	1
282	247	1
379	80	1
317	316	1
448	294	1
144	428	1
6	428	1
284	78	1
284	307	1
307	78	1
3	275	1
3	15	1
55	53	1
204	489	1
431	68	1
369	8	1
471	469	1
188	194	1
3	194	1
458	201	1
338	172	1
49	370	1
292	302	1
292	24	1
467	302	1
467	24	1
24	49	1
240	445	1
55	77	1
286	240	1
286	445	1
421	240	1
421	445	1
286	421	1
172	271	1
458	302	1
435	125	1
113	7	1
379	485	1
379	292	1
379	41	1
495	485	1
467	495	1
436	250	1
73	60	1
14	1	1
219	62	1
219	28	1
16	59	1
300	108	1
169	108	1
108	377	1
332	148	1
169	377	1
300	169	1
300	377	1
73	118	1
483	20	1
470	60	1
17	64	1
247	157	1
39	99	1
470	118	1
28	139	1
340	298	1
104	373	1
477	104	1
208	233	1
317	458	1
404	469	1
92	238	1
282	413	1
47	78	1
36	194	1
205	492	1
492	8	1
205	75	1
492	75	1
75	8	1
158	250	1
87	59	1
185	246	1
100	256	1
45	256	1
206	238	1
46	206	1
376	89	1
89	233	1
14	205	1
36	212	1
420	21	1
420	427	1
21	427	1
119	191	1
263	84	1
169	384	1
169	355	1
72	427	1
384	355	1
485	383	1
34	210	1
27	103	1
252	144	1
302	238	1
309	86	1
479	89	1
46	302	1
491	78	1
9	491	1
81	131	1
104	8	1
89	86	1
433	208	1
85	78	1
217	134	1
19	134	1
68	76	1
401	171	1
416	377	1
369	377	1
325	377	1
416	77	1
369	77	1
325	77	1
377	77	1
369	416	1
325	416	1
369	325	1
212	328	1
136	22	1
422	263	1
48	82	1
53	469	1
262	471	1
44	461	1
43	27	1
36	356	1
234	121	1
179	449	1
179	42	1
193	108	1
90	21	1
87	440	1
18	266	1
266	3	1
18	3	1
1	54	1
41	307	1
223	302	1
418	295	1
276	242	1
160	181	1
46	20	1
453	39	1
172	415	1
357	330	1
158	330	1
372	6	1
48	345	1
197	473	1
53	318	1
53	51	1
22	318	1
53	22	1
158	357	1
20	78	1
493	89	1
268	155	1
496	493	1
422	175	1
93	263	1
128	78	1
64	324	1
64	68	1
51	469	1
391	126	1
72	16	1
95	104	1
442	144	1
49	144	1
252	138	1
401	105	1
394	105	1
394	401	1
432	230	1
10	105	1
252	184	1
333	150	1
268	23	1
439	446	1
250	446	1
439	250	1
446	62	1
439	62	1
338	31	1
6	324	1
257	181	1
58	181	1
85	181	1
466	228	1
466	89	1
7	256	1
228	89	1
222	137	1
243	58	1
468	362	1
468	271	1
362	271	1
237	203	1
228	237	1
237	51	1
237	78	1
203	7	1
228	7	1
51	7	1
432	160	1
237	105	1
379	219	1
323	57	1
135	57	1
404	23	1
252	210	1
252	8	1
16	210	1
28	210	1
154	147	1
63	147	1
154	63	1
102	218	1
139	57	1
114	341	1
161	104	1
161	56	1
190	137	1
171	296	1
209	30	1
171	8	1
66	154	1
170	295	1
177	242	1
147	21	1
284	479	1
117	84	1
63	117	1
63	84	1
93	428	1
272	111	1
490	76	1
20	490	1
123	91	1
306	35	1
35	129	1
413	192	1
306	129	1
2	387	1
467	105	1
147	1	1
36	93	1
158	198	1
309	199	1
284	94	1
94	7	1
191	188	1
51	327	1
160	139	1
234	302	1
113	216	1
479	469	1
234	43	1
43	302	1
234	77	1
43	77	1
74	206	1
50	206	1
245	267	1
195	265	1
316	26	1
395	58	1
301	58	1
11	296	1
316	216	1
69	469	1
236	111	1
70	366	1
349	481	1
222	152	1
222	90	1
83	126	1
222	176	1
90	152	1
176	90	1
146	57	1
273	241	1
429	241	1
273	429	1
301	368	1
395	191	1
301	191	1
191	368	1
395	190	1
301	190	1
190	368	1
191	190	1
185	256	1
145	434	1
265	23	1
265	51	1
52	23	1
52	51	1
265	52	1
193	8	1
230	8	1
193	230	1
246	407	1
99	214	1
113	214	1
99	113	1
96	47	1
4	297	1
229	93	1
161	93	1
229	161	1
161	68	1
68	93	1
229	68	1
311	161	1
43	161	1
43	93	1
43	229	1
229	48	1
43	48	1
161	246	1
93	246	1
68	246	1
29	211	1
289	59	1
311	246	1
43	246	1
48	246	1
136	398	1
111	141	1
111	13	1
43	32	1
246	32	1
161	3	1
229	3	1
43	3	1
48	3	1
246	3	1
136	295	1
14	316	1
186	119	1
269	474	1
11	290	1
458	214	1
402	214	1
43	458	1
43	214	1
43	402	1
317	73	1
234	437	1
291	56	1
109	86	1
259	171	1
219	8	1
260	491	1
135	3	1
247	391	1
247	63	1
14	3	1
14	135	1
98	171	1
98	121	1
98	199	1
121	199	1
65	171	1
98	65	1
65	199	1
60	13	1
25	457	1
72	429	1
171	180	1
98	180	1
121	180	1
199	180	1
171	148	1
98	148	1
121	148	1
199	148	1
148	180	1
171	76	1
199	76	1
65	76	1
121	30	1
65	30	1
30	180	1
4	171	1
4	199	1
145	21	1
460	346	1
75	144	1
264	462	1
27	491	1
27	462	1
264	27	1
95	197	1
197	132	1
234	65	1
462	491	1
332	99	1
99	2	1
73	99	1
356	65	1
225	251	1
225	89	1
89	246	1
40	190	1
246	62	1
81	251	1
81	225	1
81	89	1
81	246	1
81	148	1
225	1	1
1	246	1
81	1	1
449	7	1
449	138	1
138	7	1
482	20	1
229	420	1
229	7	1
38	160	1
98	422	1
37	83	1
465	171	1
465	120	1
249	421	1
206	58	1
488	1	1
136	260	1
136	384	1
260	384	1
66	469	1
309	42	1
495	402	1
72	445	1
32	445	1
83	42	1
16	113	1
135	123	1
135	42	1
83	135	1
453	25	1
25	144	1
453	144	1
25	159	1
453	159	1
159	144	1
43	49	1
420	285	1
492	117	1
191	117	1
74	117	1
309	372	1
465	178	1
465	267	1
381	42	1
466	231	1
151	269	1
353	424	1
472	424	1
466	293	1
179	309	1
36	123	1
95	242	1
467	50	1
50	230	1
467	230	1
230	190	1
50	190	1
467	190	1
229	360	1
9	80	1
9	298	1
89	248	1
29	248	1
9	29	1
486	251	1
165	432	1
9	68	1
9	231	1
9	248	1
430	12	1
232	20	1
184	248	1
406	248	1
248	231	1
248	80	1
248	298	1
9	184	1
406	9	1
245	34	1
73	218	1
73	154	1
470	154	1
436	218	1
470	218	1
154	218	1
436	204	1
204	218	1
436	73	1
282	127	1
42	127	1
282	42	1
436	154	1
466	68	1
411	201	1
493	6	1
217	243	1
225	361	1
206	361	1
225	206	1
76	361	1
225	76	1
206	76	1
62	76	1
184	307	1
140	336	1
376	92	1
51	93	1
416	207	1
416	308	1
228	63	1
228	222	1
312	384	1
456	370	1
487	224	1
338	398	1
398	390	1
23	398	1
338	387	1
390	387	1
23	387	1
306	166	1
22	144	1
39	59	1
348	208	1
267	469	1
250	267	1
89	129	1
348	255	1
348	150	1
150	255	1
3	208	1
348	3	1
3	150	1
232	3	1
81	3	1
81	42	1
99	226	1
106	364	1
106	134	1
311	360	1
187	216	1
4	309	1
254	5	1
401	176	1
96	176	1
401	265	1
265	96	1
265	176	1
165	142	1
312	383	1
289	135	1
244	135	1
289	244	1
135	180	1
289	180	1
244	180	1
420	391	1
25	420	1
25	391	1
420	47	1
391	47	1
420	40	1
391	40	1
260	231	1
260	84	1
231	84	1
20	452	1
20	117	1
325	20	1
452	117	1
325	117	1
325	452	1
63	419	1
81	49	1
236	160	1
14	221	1
171	210	1
98	41	1
470	356	1
470	183	1
470	220	1
183	220	1
204	356	1
204	183	1
204	220	1
376	93	1
389	470	1
276	382	1
367	1	1
107	221	1
273	231	1
273	68	1
273	298	1
29	273	1
36	184	1
36	273	1
406	36	1
36	68	1
36	298	1
36	89	1
460	395	1
273	80	1
406	273	1
273	184	1
389	220	1
39	382	1
39	347	1
195	39	1
39	23	1
204	389	1
96	318	1
470	16	1
356	16	1
183	16	1
16	220	1
204	16	1
389	16	1
234	148	1
48	208	1
64	211	1
29	175	1
175	368	1
175	336	1
336	189	1
368	189	1
127	336	1
368	127	1
80	336	1
356	259	1
179	259	1
356	12	1
27	179	1
356	1	1
27	1	1
356	179	1
41	78	1
378	280	1
35	390	1
260	35	1
136	394	1
456	127	1
394	268	1
260	390	1
164	137	1
12	137	1
38	137	1
470	88	1
88	277	1
88	79	1
277	120	1
88	120	1
470	38	1
38	79	1
88	38	1
37	470	1
37	79	1
37	88	1
37	120	1
12	277	1
470	137	1
277	137	1
137	79	1
88	137	1
120	137	1
111	157	1
157	429	1
157	129	1
316	91	1
385	91	1
395	258	1
230	258	1
46	428	1
91	428	1
65	396	1
73	202	1
234	258	1
234	230	1
395	230	1
63	85	1
146	65	1
234	395	1
381	157	1
381	111	1
381	429	1
111	429	1
381	129	1
111	129	1
429	129	1
193	277	1
266	370	1
201	370	1
89	370	1
89	266	1
89	201	1
229	185	1
185	175	1
206	148	1
103	258	1
325	78	1
37	139	1
423	76	1
356	86	1
293	287	1
234	125	1
292	428	1
66	133	1
401	284	1
496	184	1
301	126	1
240	243	1
496	139	1
496	342	1
342	139	1
4	386	1
431	150	1
16	199	1
16	85	1
49	309	1
411	490	1
482	490	1
48	374	1
50	107	1
268	275	1
367	180	1
131	180	1
386	166	1
247	131	1
244	246	1
477	246	1
86	246	1
477	34	1
477	76	1
251	76	1
4	244	1
4	34	1
86	251	1
477	244	1
244	251	1
477	251	1
244	86	1
477	86	1
275	387	1
163	15	1
146	275	1
146	163	1
146	15	1
385	8	1
429	8	1
385	429	1
268	387	1
99	117	1
110	22	1
110	327	1
55	430	1
33	10	1
33	427	1
172	422	1
28	299	1
166	32	1
151	6	1
421	339	1
253	10	1
253	25	1
25	10	1
389	130	1
389	104	1
389	411	1
411	309	1
309	104	1
411	104	1
389	309	1
398	445	1
228	445	1
398	8	1
228	8	1
445	8	1
228	398	1
123	103	1
453	420	1
21	238	1
384	127	1
457	127	1
106	266	1
149	83	1
352	125	1
341	196	1
458	1	1
156	234	1
234	458	1
156	458	1
381	461	1
206	461	1
236	102	1
116	236	1
116	102	1
106	181	1
9	297	1
297	343	1
217	216	1
43	442	1
378	62	1
108	118	1
211	2	1
391	211	1
391	2	1
73	291	1
453	19	1
69	133	1
70	186	1
186	124	1
234	401	1
186	198	1
458	61	1
139	129	1
278	129	1
278	139	1
454	69	1
141	47	1
46	220	1
46	210	1
72	220	1
72	210	1
104	226	1
131	192	1
131	233	1
36	266	1
227	109	1
477	314	1
248	262	1
257	174	1
29	364	1
24	27	1
209	27	1
373	258	1
136	312	1
149	474	1
326	370	1
35	166	1
65	42	1
417	426	1
156	105	1
396	257	1
156	257	1
105	257	1
105	77	1
46	351	1
43	35	1
431	117	1
117	287	1
453	181	1
453	4	1
431	287	1
64	192	1
109	418	1
98	401	1
98	69	1
401	56	1
359	127	1
225	359	1
441	98	1
113	93	1
13	93	1
13	113	1
265	85	1
462	85	1
85	77	1
265	34	1
34	214	1
462	34	1
441	401	1
401	69	1
265	214	1
265	462	1
462	214	1
265	77	1
462	77	1
225	127	1
50	75	1
26	75	1
378	138	1
476	399	1
74	218	1
332	48	1
332	88	1
385	277	1
385	425	1
14	277	1
14	385	1
39	425	1
39	385	1
14	39	1
222	209	1
209	12	1
98	134	1
325	381	1
489	8	1
489	296	1
136	155	1
183	155	1
136	183	1
357	1	1
12	133	1
252	214	1
140	259	1
395	181	1
75	150	1
17	203	1
17	242	1
193	481	1
203	242	1
259	32	1
418	56	1
111	56	1
23	152	1
170	347	1
377	68	1
123	127	1
123	32	1
123	102	1
177	69	1
222	69	1
177	222	1
363	324	1
197	407	1
81	407	1
81	259	1
363	475	1
202	363	1
37	57	1
93	324	1
363	93	1
72	324	1
72	363	1
234	34	1
232	407	1
259	18	1
321	266	1
106	323	1
107	106	1
107	12	1
106	12	1
95	86	1
99	127	1
91	333	1
11	353	1
321	259	1
46	259	1
72	321	1
72	259	1
156	1	1
1	7	1
60	79	1
13	6	1
269	80	1
382	170	1
170	40	1
382	78	1
195	78	1
170	78	1
9	169	1
425	79	1
158	425	1
158	79	1
479	287	1
62	180	1
351	138	1
357	50	1
357	83	1
138	233	1
138	226	1
98	138	1
351	143	1
143	139	1
143	233	1
251	143	1
311	143	1
98	143	1
56	143	1
138	143	1
138	139	1
311	56	1
190	150	1
56	226	1
43	137	1
13	129	1
351	139	1
351	233	1
139	233	1
251	351	1
251	139	1
251	233	1
351	226	1
139	226	1
233	226	1
251	226	1
311	139	1
311	251	1
311	226	1
98	351	1
98	139	1
98	233	1
98	251	1
98	311	1
56	351	1
56	139	1
56	233	1
85	285	1
435	203	1
435	472	1
472	45	1
435	45	1
138	255	1
206	255	1
467	475	1
13	75	1
23	162	1
69	285	1
11	89	1
222	120	1
6	256	1
278	147	1
479	461	1
236	413	1
15	387	1
74	35	1
443	295	1
316	63	1
121	449	1
247	174	1
197	410	1
197	379	1
108	35	1
23	203	1
352	219	1
71	133	1
121	194	1
47	215	1
94	215	1
118	8	1
184	150	1
397	497	1
302	421	1
24	421	1
25	283	1
47	283	1
27	77	1
45	257	1
28	2	1
363	320	1
145	320	1
418	44	1
229	309	1
496	309	1
265	382	1
273	377	1
28	377	1
28	273	1
377	5	1
273	5	1
28	5	1
309	171	1
70	105	1
198	410	1
50	410	1
50	198	1
141	405	1
493	442	1
493	495	1
66	137	1
320	99	1
48	324	1
81	422	1
311	420	1
66	2	1
204	391	1
244	38	1
372	94	1
383	469	1
28	469	1
383	28	1
107	105	1
106	351	1
21	327	1
394	7	1
312	370	1
260	190	1
260	103	1
190	103	1
192	445	1
192	333	1
333	445	1
439	32	1
114	82	1
187	190	1
286	342	1
292	89	1
131	103	1
131	89	1
389	89	1
254	89	1
131	62	1
389	62	1
254	62	1
89	103	1
131	148	1
254	148	1
131	1	1
389	1	1
1	103	1
495	298	1
33	170	1
138	214	1
36	339	1
131	132	1
12	425	1
106	16	1
268	312	1
260	129	1
149	498	1
498	148	1
149	148	1
245	8	1
51	94	1
441	47	1
394	47	1
23	47	1
23	40	1
441	94	1
394	94	1
23	94	1
181	255	1
247	153	1
412	96	1
48	422	1
191	85	1
191	143	1
356	364	1
282	80	1
282	89	1
316	61	1
131	245	1
259	142	1
411	364	1
96	162	1
18	469	1
437	469	1
52	469	1
52	437	1
437	18	1
52	18	1
297	63	1
88	444	1
186	297	1
186	63	1
412	15	1
39	18	1
196	193	1
223	196	1
55	276	1
402	355	1
74	355	1
74	402	1
18	402	1
107	343	1
489	141	1
188	342	1
188	208	1
188	190	1
190	208	1
36	188	1
36	342	1
36	208	1
36	190	1
20	150	1
383	320	1
494	23	1
156	78	1
187	9	1
25	418	1
234	418	1
25	143	1
234	143	1
418	143	1
303	347	1
219	169	1
386	307	1
386	7	1
418	449	1
163	464	1
40	117	1
25	133	1
204	74	1
73	115	1
99	445	1
377	94	1
418	21	1
106	170	1
326	318	1
446	162	1
311	190	1
302	208	1
46	127	1
301	162	1
16	160	1
4	42	1
9	92	1
232	272	1
259	174	1
272	259	1
232	68	1
68	174	1
259	68	1
232	98	1
98	174	1
98	272	1
232	42	1
42	174	1
68	42	1
98	42	1
27	68	1
27	42	1
232	4	1
4	174	1
4	272	1
232	174	1
382	133	1
264	472	1
147	57	1
485	428	1
186	210	1
26	491	1
186	26	1
26	210	1
491	210	1
475	41	1
325	225	1
225	56	1
225	86	1
446	265	1
482	56	1
403	34	1
95	159	1
227	355	1
37	355	1
227	37	1
378	265	1
298	208	1
250	147	1
461	279	1
461	307	1
55	85	1
146	449	1
46	16	1
280	61	1
307	279	1
55	107	1
338	310	1
31	162	1
234	100	1
265	310	1
94	287	1
12	132	1
12	148	1
334	77	1
334	174	1
110	17	1
300	90	1
230	92	1
379	332	1
414	45	1
397	339	1
397	227	1
227	339	1
397	35	1
35	339	1
14	108	1
459	111	1
294	390	1
10	390	1
288	71	1
149	267	1
144	480	1
250	63	1
73	250	1
73	63	1
21	287	1
21	6	1
202	42	1
151	189	1
72	263	1
193	445	1
213	33	1
55	72	1
55	263	1
55	201	1
369	16	1
301	157	1
234	63	1
301	63	1
380	363	1
213	363	1
163	421	1
234	157	1
234	301	1
269	189	1
363	302	1
38	327	1
476	157	1
266	481	1
20	245	1
48	480	1
157	480	1
492	255	1
9	479	1
9	255	1
479	255	1
492	479	1
228	401	1
400	433	1
95	124	1
17	94	1
187	69	1
69	59	1
187	59	1
163	225	1
12	3	1
50	391	1
252	56	1
16	104	1
16	56	1
144	79	1
252	120	1
254	361	1
4	361	1
11	445	1
5	445	1
454	20	1
13	91	1
385	179	1
164	28	1
476	281	1
476	75	1
164	57	1
164	179	1
164	59	1
495	24	1
302	150	1
24	150	1
495	150	1
130	302	1
130	24	1
130	495	1
130	150	1
144	220	1
48	144	1
434	471	1
38	471	1
38	434	1
237	346	1
236	260	1
185	3	1
406	358	1
121	99	1
252	85	1
252	180	1
85	180	1
81	160	1
284	192	1
140	284	1
140	491	1
140	192	1
446	480	1
400	480	1
55	38	1
17	38	1
229	335	1
411	19	1
130	19	1
158	16	1
187	118	1
272	241	1
5	480	1
139	6	1
19	32	1
32	139	1
95	85	1
139	480	1
99	480	1
72	480	1
72	139	1
72	99	1
91	480	1
182	2	1
73	182	1
403	361	1
309	361	1
251	403	1
309	251	1
251	361	1
105	346	1
172	182	1
495	134	1
495	5	1
5	134	1
72	462	1
229	53	1
370	256	1
479	434	1
49	320	1
320	41	1
191	320	1
43	445	1
342	134	1
484	131	1
484	20	1
199	402	1
199	220	1
138	348	1
199	138	1
402	348	1
466	43	1
348	220	1
234	206	1
378	284	1
378	491	1
413	442	1
27	245	1
98	142	1
458	199	1
204	86	1
479	54	1
479	35	1
35	54	1
244	61	1
34	61	1
209	34	1
252	34	1
149	34	1
493	407	1
407	233	1
493	233	1
224	58	1
234	314	1
182	19	1
395	105	1
36	407	1
41	407	1
493	41	1
41	233	1
493	36	1
493	20	1
20	233	1
36	20	1
43	399	1
72	351	1
311	72	1
206	386	1
386	138	1
467	407	1
407	175	1
467	175	1
358	241	1
282	241	1
212	460	1
85	35	1
1	32	1
322	399	1
123	399	1
352	76	1
433	340	1
340	166	1
459	17	1
195	17	1
17	339	1
433	87	1
87	166	1
340	220	1
433	220	1
166	220	1
87	220	1
41	340	1
41	166	1
87	41	1
41	220	1
72	27	1
146	418	1
492	157	1
184	226	1
234	241	1
246	241	1
34	241	1
241	76	1
397	186	1
11	80	1
279	426	1
336	426	1
116	426	1
97	133	1
488	267	1
100	17	1
17	21	1
17	295	1
100	295	1
228	295	1
228	100	1
21	295	1
100	21	1
228	21	1
31	347	1
116	336	1
336	279	1
116	279	1
43	1	1
37	350	1
164	350	1
405	93	1
110	10	1
163	170	1
163	120	1
170	120	1
111	170	1
125	438	1
438	89	1
125	89	1
132	255	1
454	271	1
288	15	1
276	491	1
37	141	1
432	429	1
245	86	1
9	34	1
13	62	1
309	132	1
106	358	1
385	6	1
245	256	1
81	256	1
81	245	1
466	245	1
466	81	1
74	337	1
234	341	1
52	1	1
326	339	1
326	488	1
394	488	1
488	176	1
488	339	1
334	424	1
436	149	1
149	375	1
326	176	1
153	125	1
125	240	1
153	240	1
24	109	1
4	109	1
4	61	1
321	20	1
20	287	1
197	27	1
156	305	1
244	18	1
18	34	1
406	293	1
406	5	1
205	116	1
44	159	1
442	150	1
49	150	1
204	348	1
381	210	1
35	21	1
143	148	1
67	388	1
48	64	1
472	150	1
48	241	1
64	241	1
264	64	1
414	77	1
245	451	1
314	471	1
471	451	1
245	471	1
471	62	1
314	62	1
62	451	1
245	62	1
471	30	1
81	367	1
2	346	1
244	12	1
309	386	1
309	76	1
17	152	1
99	34	1
122	234	1
213	122	1
99	1	1
142	6	1
142	32	1
293	142	1
484	28	1
287	445	1
289	193	1
159	386	1
197	98	1
286	49	1
98	75	1
20	75	1
75	6	1
245	99	1
48	185	1
48	245	1
48	99	1
185	89	1
245	89	1
99	89	1
48	89	1
185	91	1
311	91	1
245	91	1
91	89	1
185	32	1
245	32	1
4	185	1
4	311	1
4	99	1
311	99	1
185	99	1
311	185	1
185	245	1
311	245	1
145	376	1
249	142	1
65	1	1
160	6	1
411	254	1
482	254	1
414	1	1
229	180	1
20	42	1
359	238	1
477	238	1
477	359	1
386	143	1
165	36	1
493	190	1
493	282	1
282	190	1
493	246	1
282	5	1
36	226	1
92	390	1
317	135	1
122	135	1
5	160	1
106	99	1
93	190	1
99	93	1
106	93	1
433	26	1
130	146	1
130	44	1
46	433	1
46	26	1
478	184	1
483	346	1
35	346	1
483	35	1
272	88	1
14	137	1
290	132	1
211	442	1
26	181	1
26	3	1
23	129	1
234	6	1
185	451	1
24	34	1
24	308	1
34	308	1
45	34	1
351	328	1
185	30	1
320	293	1
98	1	1
320	32	1
116	4	1
9	485	1
50	27	1
482	6	1
46	27	1
482	483	1
483	6	1
217	32	1
36	61	1
6	61	1
272	370	1
432	490	1
373	7	1
116	367	1
64	13	1
273	402	1
416	284	1
177	71	1
209	71	1
177	209	1
24	396	1
32	287	1
129	54	1
144	426	1
183	134	1
223	38	1
356	20	1
86	241	1
244	1	1
244	85	1
13	346	1
110	346	1
110	53	1
53	346	1
110	13	1
234	435	1
205	26	1
205	65	1
65	26	1
351	127	1
289	480	1
289	36	1
289	32	1
8	57	1
395	5	1
73	116	1
5	7	1
4	210	1
313	45	1
45	86	1
202	396	1
202	7	1
197	256	1
29	144	1
381	251	1
95	251	1
343	93	1
63	93	1
496	462	1
496	64	1
64	462	1
95	199	1
95	414	1
414	199	1
27	199	1
252	498	1
498	35	1
252	35	1
234	451	1
56	451	1
153	56	1
91	22	1
22	6	1
85	148	1
236	53	1
399	266	1
236	9	1
298	220	1
311	108	1
213	135	1
483	182	1
493	293	1
64	172	1
473	373	1
191	192	1
276	78	1
227	78	1
276	89	1
276	113	1
65	298	1
313	309	1
204	343	1
147	118	1
265	118	1
92	118	1
423	230	1
147	92	1
37	192	1
265	92	1
265	147	1
203	94	1
105	94	1
94	78	1
115	123	1
37	60	1
183	65	1
389	65	1
345	429	1
345	117	1
429	117	1
402	150	1
328	295	1
212	346	1
136	249	1
27	321	1
27	287	1
27	333	1
321	3	1
333	3	1
121	333	1
3	134	1
121	3	1
198	13	1
121	287	1
321	333	1
333	287	1
287	134	1
333	134	1
321	121	1
140	18	1
155	310	1
310	112	1
228	488	1
236	429	1
164	218	1
234	31	1
234	488	1
119	295	1
295	347	1
87	347	1
87	295	1
326	87	1
97	87	1
119	87	1
340	374	1
17	133	1
95	2	1
95	32	1
383	32	1
95	6	1
36	2	1
32	2	1
95	73	1
73	383	1
73	32	1
73	6	1
36	383	1
95	36	1
95	383	1
110	114	1
114	275	1
110	275	1
24	310	1
24	133	1
244	150	1
244	199	1
199	150	1
12	154	1
228	96	1
228	23	1
475	320	1
141	188	1
116	188	1
85	151	1
85	166	1
39	89	1
83	89	1
39	83	1
89	8	1
291	89	1
291	8	1
85	32	1
277	218	1
72	306	1
52	91	1
300	398	1
105	101	1
24	101	1
24	105	1
106	374	1
234	101	1
421	442	1
39	323	1
391	245	1
149	245	1
309	245	1
391	113	1
149	113	1
309	113	1
245	113	1
391	5	1
309	5	1
149	391	1
391	309	1
149	309	1
382	335	1
459	335	1
195	335	1
303	382	1
91	160	1
146	203	1
74	203	1
74	146	1
203	88	1
74	88	1
253	391	1
253	198	1
253	77	1
391	77	1
446	1	1
487	1	1
432	87	1
310	101	1
10	101	1
120	387	1
97	401	1
97	96	1
338	318	1
338	203	1
267	57	1
284	392	1
446	285	1
223	108	1
49	126	1
50	49	1
234	377	1
25	377	1
25	24	1
24	377	1
25	35	1
24	35	1
49	120	1
42	57	1
83	60	1
284	248	1
316	248	1
464	295	1
133	469	1
23	469	1
373	180	1
86	180	1
284	346	1
316	346	1
316	284	1
10	112	1
36	166	1
166	134	1
211	134	1
201	134	1
36	211	1
36	201	1
36	134	1
53	242	1
211	201	1
201	166	1
211	166	1
367	324	1
36	305	1
5	426	1
274	426	1
97	497	1
17	497	1
31	256	1
10	256	1
135	126	1
395	35	1
48	6	1
311	175	1
201	233	1
175	150	1
201	175	1
175	233	1
311	263	1
311	127	1
311	150	1
48	263	1
263	233	1
48	127	1
48	201	1
48	175	1
6	263	1
6	150	1
201	6	1
6	233	1
311	6	1
127	233	1
382	226	1
382	32	1
32	226	1
201	127	1
263	150	1
127	150	1
360	445	1
81	153	1
65	132	1
182	61	1
107	483	1
379	3	1
316	102	1
316	18	1
286	302	1
73	18	1
254	226	1
48	124	1
48	240	1
48	226	1
48	80	1
254	124	1
254	240	1
254	80	1
48	254	1
4	124	1
4	240	1
4	80	1
80	226	1
124	240	1
240	80	1
124	226	1
240	226	1
124	80	1
494	114	1
74	483	1
112	347	1
155	347	1
143	361	1
197	143	1
31	105	1
74	28	1
483	28	1
451	361	1
10	15	1
30	361	1
377	15	1
110	390	1
4	209	1
14	218	1
114	170	1
441	170	1
74	234	1
20	93	1
48	20	1
36	129	1
81	290	1
81	7	1
156	29	1
109	308	1
10	407	1
290	7	1
299	296	1
292	248	1
135	1	1
257	242	1
273	54	1
385	141	1
109	472	1
107	193	1
205	107	1
205	193	1
353	169	1
414	216	1
65	77	1
44	216	1
454	124	1
316	429	1
385	469	1
300	79	1
310	390	1
119	128	1
303	176	1
366	211	1
222	17	1
59	137	1
222	420	1
420	319	1
222	319	1
100	398	1
89	339	1
142	174	1
24	51	1
343	79	1
310	347	1
331	310	1
50	402	1
86	402	1
50	86	1
280	35	1
16	280	1
186	249	1
365	492	1
224	492	1
304	234	1
4	77	1
291	480	1
301	291	1
301	480	1
37	291	1
37	480	1
159	3	1
306	361	1
421	361	1
10	162	1
329	162	1
97	162	1
394	162	1
176	162	1
119	329	1
119	162	1
119	176	1
97	338	1
97	265	1
441	17	1
5	266	1
307	287	1
307	266	1
266	287	1
307	190	1
190	287	1
190	266	1
231	266	1
231	190	1
72	266	1
72	231	1
91	287	1
198	23	1
246	132	1
100	167	1
52	452	1
441	52	1
158	167	1
158	100	1
441	452	1
191	279	1
425	218	1
105	214	1
156	21	1
406	16	1
108	5	1
432	113	1
493	113	1
264	113	1
432	5	1
264	5	1
234	48	1
432	491	1
264	493	1
493	491	1
493	432	1
264	432	1
157	30	1
157	76	1
41	76	1
159	76	1
41	30	1
41	159	1
159	30	1
159	157	1
157	451	1
41	451	1
41	157	1
44	80	1
207	80	1
88	328	1
429	491	1
192	429	1
197	192	1
409	192	1
409	87	1
87	192	1
409	197	1
197	87	1
409	6	1
192	6	1
85	129	1
343	38	1
9	375	1
375	38	1
375	492	1
375	13	1
492	13	1
236	114	1
236	491	1
212	395	1
381	109	1
381	209	1
179	30	1
30	241	1
344	239	1
17	239	1
149	285	1
179	241	1
165	106	1
221	285	1
149	221	1
379	22	1
486	180	1
81	180	1
221	54	1
121	6	1
393	21	1
24	21	1
114	491	1
110	25	1
14	419	1
290	139	1
131	139	1
290	282	1
282	139	1
73	141	1
26	118	1
45	210	1
96	390	1
10	494	1
6	129	1
19	42	1
31	438	1
31	8	1
438	8	1
31	2	1
438	2	1
243	42	1
448	344	1
113	2	1
73	113	1
454	159	1
131	159	1
454	171	1
454	131	1
191	6	1
6	370	1
7	77	1
396	129	1
367	129	1
209	231	1
232	231	1
232	209	1
475	150	1
66	492	1
338	10	1
406	76	1
37	9	1
9	277	1
236	72	1
72	214	1
236	214	1
325	440	1
65	142	1
180	61	1
145	363	1
467	363	1
383	445	1
467	383	1
363	383	1
145	131	1
131	445	1
363	131	1
383	131	1
49	445	1
49	363	1
49	383	1
49	131	1
41	445	1
467	445	1
357	81	1
363	41	1
383	41	1
131	41	1
487	43	1
183	19	1
341	92	1
331	300	1
300	162	1
278	498	1
278	12	1
247	346	1
25	247	1
450	79	1
199	132	1
396	367	1
451	226	1
4	403	1
65	471	1
72	339	1
111	162	1
22	162	1
36	479	1
160	491	1
479	6	1
234	180	1
332	291	1
98	431	1
183	431	1
493	183	1
493	98	1
53	458	1
186	458	1
186	53	1
53	85	1
186	85	1
405	61	1
224	5	1
224	36	1
116	405	1
116	61	1
148	181	1
75	181	1
75	148	1
55	287	1
9	287	1
160	287	1
46	18	1
140	58	1
75	34	1
183	138	1
303	40	1
40	390	1
301	370	1
301	117	1
301	93	1
93	117	1
416	51	1
78	283	1
416	78	1
123	142	1
85	329	1
85	51	1
51	283	1
416	283	1
228	283	1
228	416	1
36	148	1
389	36	1
389	5	1
17	154	1
18	6	1
63	6	1
303	390	1
31	390	1
53	478	1
478	351	1
478	18	1
37	478	1
53	351	1
37	351	1
53	18	1
18	351	1
37	53	1
227	186	1
351	266	1
219	1	1
60	59	1
28	60	1
39	267	1
39	219	1
204	129	1
2	129	1
219	267	1
158	370	1
158	117	1
264	249	1
249	99	1
264	99	1
468	40	1
397	177	1
397	216	1
177	216	1
390	78	1
138	134	1
301	245	1
325	64	1
27	178	1
179	498	1
131	307	1
291	407	1
205	407	1
289	298	1
153	76	1
487	72	1
72	185	1
322	55	1
18	62	1
218	350	1
58	350	1
58	218	1
183	103	1
81	183	1
81	254	1
38	15	1
19	361	1
290	255	1
453	35	1
290	35	1
35	255	1
70	233	1
247	201	1
315	3	1
224	247	1
224	150	1
201	208	1
224	201	1
230	201	1
414	266	1
169	199	1
50	199	1
26	199	1
38	199	1
169	26	1
43	336	1
50	169	1
484	302	1
484	379	1
311	302	1
484	311	1
379	302	1
17	318	1
179	120	1
27	34	1
24	58	1
106	178	1
466	406	1
74	64	1
480	79	1
74	20	1
213	74	1
213	64	1
236	133	1
131	361	1
149	272	1
462	184	1
37	462	1
37	184	1
162	255	1
88	498	1
98	290	1
477	98	1
98	225	1
156	31	1
31	22	1
156	22	1
401	91	1
468	147	1
366	480	1
149	157	1
149	48	1
20	171	1
260	78	1
81	38	1
81	16	1
14	364	1
254	364	1
179	339	1
25	102	1
301	52	1
486	26	1
81	26	1
222	203	1
307	6	1
231	255	1
290	68	1
290	48	1
290	383	1
161	272	1
161	42	1
244	142	1
201	368	1
34	334	1
104	132	1
87	157	1
486	296	1
411	296	1
482	296	1
486	482	1
76	296	1
486	76	1
411	76	1
98	34	1
471	3	1
486	142	1
307	370	1
40	318	1
95	273	1
130	2	1
115	307	1
480	339	1
247	19	1
397	293	1
247	479	1
479	3	1
192	51	1
86	58	1
145	293	1
293	139	1
273	307	1
50	37	1
225	42	1
225	30	1
228	356	1
328	7	1
117	139	1
19	364	1
314	19	1
282	19	1
225	19	1
282	314	1
282	364	1
225	314	1
282	225	1
213	489	1
213	470	1
489	470	1
106	321	1
130	381	1
122	380	1
495	117	1
130	451	1
133	21	1
479	68	1
98	479	1
304	231	1
457	154	1
196	214	1
179	277	1
405	277	1
179	405	1
130	42	1
73	107	1
119	457	1
34	180	1
14	154	1
154	113	1
14	113	1
367	42	1
430	28	1
291	154	1
11	430	1
130	367	1
166	231	1
99	231	1
473	472	1
451	241	1
272	367	1
183	251	1
314	251	1
254	314	1
145	233	1
98	49	1
98	443	1
49	443	1
20	445	1
49	364	1
381	153	1
229	153	1
37	381	1
37	229	1
37	153	1
381	16	1
229	16	1
381	2	1
229	2	1
381	229	1
153	2	1
73	381	1
213	149	1
213	357	1
149	62	1
357	62	1
213	62	1
357	149	1
73	229	1
73	153	1
73	16	1
27	180	1
496	431	1
165	19	1
89	150	1
95	484	1
95	34	1
484	34	1
34	142	1
487	103	1
453	290	1
406	13	1
406	85	1
14	85	1
43	429	1
43	206	1
115	260	1
213	85	1
192	59	1
28	192	1
213	14	1
186	160	1
386	241	1
386	490	1
232	386	1
9	75	1
466	478	1
376	41	1
229	41	1
179	242	1
132	61	1
60	147	1
237	192	1
48	252	1
16	193	1
250	120	1
49	86	1
107	260	1
185	386	1
132	76	1
56	132	1
86	138	1
42	132	1
56	42	1
138	42	1
56	148	1
86	148	1
138	148	1
56	34	1
56	76	1
42	76	1
34	30	1
132	3	1
56	3	1
86	3	1
32	424	1
66	63	1
337	377	1
29	141	1
116	265	1
265	26	1
492	392	1
342	428	1
291	391	1
465	55	1
465	227	1
287	424	1
264	349	1
386	132	1
132	180	1
424	127	1
287	127	1
76	424	1
76	127	1
6	424	1
6	76	1
357	101	1
230	101	1
357	230	1
209	101	1
209	230	1
357	209	1
18	101	1
357	18	1
209	18	1
153	101	1
153	230	1
357	153	1
209	153	1
153	18	1
16	101	1
16	230	1
357	16	1
209	16	1
416	109	1
313	61	1
8	61	1
313	8	1
86	61	1
249	458	1
116	320	1
320	13	1
320	18	1
320	1	1
177	458	1
177	123	1
249	123	1
123	458	1
340	271	1
2	471	1
249	75	1
177	99	1
453	145	1
389	225	1
365	345	1
462	245	1
462	150	1
245	150	1
106	150	1
106	245	1
370	84	1
27	192	1
13	58	1
37	8	1
418	84	1
431	20	1
431	367	1
35	34	1
89	447	1
74	120	1
361	226	1
482	226	1
151	271	1
482	361	1
404	13	1
404	58	1
325	320	1
81	358	1
236	85	1
93	348	1
315	238	1
429	93	1
68	214	1
48	214	1
289	150	1
236	78	1
62	150	1
28	150	1
420	392	1
77	255	1
119	481	1
106	273	1
330	147	1
14	469	1
31	90	1
287	144	1
225	18	1
406	88	1
432	376	1
73	196	1
411	349	1
411	449	1
477	349	1
477	449	1
477	411	1
349	225	1
225	449	1
349	449	1
249	479	1
72	191	1
291	105	1
291	78	1
291	203	1
159	142	1
222	390	1
249	238	1
249	237	1
237	479	1
479	238	1
237	238	1
191	479	1
237	191	1
191	238	1
393	248	1
85	138	1
138	103	1
309	143	1
254	143	1
489	332	1
309	1	1
244	206	1
482	142	1
49	355	1
49	111	1
306	399	1
234	399	1
234	306	1
282	245	1
3	214	1
206	34	1
431	413	1
234	52	1
234	120	1
234	3	1
120	3	1
365	478	1
264	177	1
317	78	1
317	158	1
158	78	1
272	184	1
153	184	1
14	353	1
153	68	1
153	6	1
184	32	1
20	184	1
20	68	1
20	32	1
184	6	1
429	190	1
487	188	1
50	135	1
22	104	1
410	59	1
410	2	1
59	2	1
73	410	1
73	59	1
301	256	1
26	256	1
244	367	1
244	356	1
24	363	1
4	363	1
313	479	1
479	129	1
313	129	1
224	479	1
224	313	1
224	129	1
142	103	1
103	3	1
300	82	1
416	418	1
46	87	1
314	479	1
312	284	1
370	424	1
53	133	1
190	54	1
343	190	1
343	54	1
122	96	1
455	461	1
147	390	1
203	373	1
75	137	1
18	210	1
197	210	1
197	18	1
18	137	1
197	137	1
75	210	1
75	18	1
238	137	1
50	137	1
444	137	1
444	238	1
50	238	1
14	284	1
14	186	1
284	60	1
186	60	1
14	60	1
14	2	1
60	2	1
104	30	1
85	231	1
332	174	1
11	174	1
183	263	1
313	360	1
360	68	1
313	68	1
432	13	1
386	298	1
107	66	1
234	28	1
298	180	1
217	426	1
24	16	1
14	42	1
12	42	1
14	12	1
93	422	1
93	127	1
199	298	1
298	30	1
385	52	1
27	132	1
95	148	1
89	490	1
5	490	1
41	285	1
159	8	1
38	159	1
41	80	1
455	407	1
39	187	1
187	28	1
9	20	1
46	174	1
298	174	1
46	298	1
91	174	1
91	298	1
183	480	1
287	480	1
169	160	1
150	469	1
43	469	1
377	491	1
496	78	1
496	9	1
379	210	1
379	30	1
30	210	1
312	377	1
36	83	1
234	2	1
325	398	1
325	387	1
65	363	1
363	29	1
65	29	1
363	20	1
29	20	1
204	234	1
336	283	1
130	87	1
443	174	1
276	377	1
460	51	1
348	241	1
225	241	1
338	429	1
338	99	1
99	429	1
338	9	1
9	99	1
467	255	1
467	333	1
44	5	1
333	255	1
44	255	1
44	333	1
145	311	1
311	255	1
311	333	1
106	255	1
43	255	1
43	333	1
333	5	1
34	255	1
333	34	1
311	34	1
5	34	1
183	127	1
292	183	1
145	183	1
292	127	1
145	127	1
467	183	1
467	127	1
292	44	1
44	127	1
292	106	1
106	127	1
43	127	1
292	34	1
20	132	1
34	127	1
338	427	1
391	427	1
338	391	1
229	36	1
484	229	1
229	142	1
142	246	1
227	40	1
11	227	1
73	161	1
495	9	1
462	68	1
363	77	1
16	363	1
16	77	1
67	174	1
186	56	1
485	302	1
385	28	1
186	113	1
56	113	1
329	78	1
487	138	1
185	138	1
35	329	1
35	51	1
234	39	1
358	485	1
358	320	1
467	358	1
56	346	1
56	194	1
346	194	1
287	218	1
60	287	1
276	260	1
20	258	1
121	20	1
73	258	1
73	121	1
73	20	1
240	451	1
240	30	1
290	117	1
293	91	1
183	91	1
290	91	1
293	62	1
183	62	1
290	62	1
91	62	1
229	301	1
50	229	1
183	117	1
183	293	1
290	293	1
293	117	1
243	211	1
273	246	1
37	476	1
37	282	1
476	311	1
37	68	1
37	44	1
37	311	1
282	311	1
476	282	1
476	68	1
282	68	1
476	44	1
282	44	1
44	68	1
203	308	1
4	138	1
27	442	1
27	256	1
27	478	1
20	442	1
20	256	1
478	20	1
142	442	1
142	256	1
478	142	1
229	233	1
87	132	1
478	442	1
442	256	1
198	346	1
325	309	1
325	192	1
309	192	1
325	98	1
98	192	1
164	4	1
495	431	1
431	93	1
495	93	1
495	311	1
431	49	1
49	93	1
192	150	1
55	161	1
486	63	1
449	89	1
89	42	1
483	281	1
281	399	1
483	399	1
277	8	1
477	358	1
225	358	1
219	490	1
274	67	1
393	127	1
389	14	1
185	361	1
248	150	1
358	361	1
157	150	1
157	248	1
41	32	1
496	32	1
496	6	1
244	131	1
131	34	1
16	242	1
6	242	1
16	6	1
369	45	1
468	328	1
294	8	1
110	133	1
59	408	1
497	90	1
396	426	1
441	444	1
60	267	1
102	370	1
23	45	1
138	8	1
30	8	1
12	126	1
423	124	1
230	211	1
396	230	1
396	211	1
60	172	1
326	71	1
177	78	1
202	68	1
473	61	1
294	176	1
24	1	1
496	210	1
380	291	1
380	205	1
285	5	1
165	311	1
46	285	1
89	132	1
52	79	1
149	12	1
28	120	1
411	89	1
411	132	1
111	132	1
411	111	1
127	279	1
290	134	1
11	54	1
111	390	1
123	26	1
80	208	1
432	238	1
95	21	1
11	266	1
398	355	1
72	255	1
72	161	1
32	255	1
4	255	1
4	161	1
183	10	1
161	255	1
487	16	1
3	8	1
49	3	1
302	3	1
302	8	1
115	58	1
330	79	1
1	118	1
2	118	1
273	113	1
273	348	1
9	348	1
113	348	1
285	426	1
285	190	1
190	426	1
325	231	1
414	325	1
116	8	1
209	469	1
158	42	1
11	57	1
187	123	1
87	127	1
42	242	1
42	408	1
242	408	1
158	408	1
158	242	1
413	26	1
43	111	1
14	328	1
234	348	1
50	408	1
50	149	1
65	373	1
168	13	1
168	38	1
209	266	1
464	327	1
64	162	1
316	58	1
111	58	1
441	382	1
316	111	1
9	469	1
209	9	1
9	266	1
178	150	1
136	71	1
178	231	1
41	144	1
36	144	1
309	62	1
231	150	1
437	13	1
455	262	1
366	203	1
487	366	1
487	203	1
25	53	1
316	53	1
344	153	1
165	126	1
249	329	1
249	497	1
64	329	1
64	497	1
249	64	1
497	329	1
45	42	1
353	147	1
388	271	1
50	417	1
477	188	1
477	181	1
26	91	1
38	91	1
70	383	1
381	104	1
353	108	1
353	219	1
443	211	1
198	169	1
31	306	1
213	355	1
88	123	1
14	296	1
110	96	1
406	314	1
406	206	1
314	199	1
406	199	1
206	199	1
159	199	1
368	137	1
301	461	1
58	214	1
205	108	1
12	108	1
43	413	1
219	437	1
489	223	1
332	346	1
88	75	1
205	1	1
179	102	1
353	179	1
72	272	1
272	5	1
223	307	1
73	223	1
73	307	1
313	148	1
22	392	1
381	407	1
178	269	1
140	178	1
27	386	1
196	176	1
344	196	1
87	176	1
196	87	1
344	87	1
17	87	1
418	176	1
221	135	1
17	196	1
341	194	1
395	3	1
74	12	1
12	54	1
200	47	1
100	170	1
465	58	1
98	44	1
2	190	1
4	358	1
16	190	1
203	396	1
65	458	1
9	373	1
441	21	1
110	21	1
197	68	1
270	204	1
149	137	1
18	231	1
18	144	1
231	144	1
284	210	1
236	141	1
190	355	1
5	355	1
496	421	1
43	139	1
97	83	1
72	175	1
195	83	1
199	373	1
221	57	1
286	292	1
1	6	1
46	175	1
311	24	1
24	274	1
36	154	1
183	41	1
27	41	1
485	442	1
109	44	1
14	179	1
136	21	1
11	402	1
135	193	1
11	135	1
135	402	1
193	402	1
322	115	1
14	322	1
14	115	1
322	4	1
115	4	1
455	148	1
39	12	1
146	159	1
250	405	1
252	405	1
250	252	1
83	252	1
135	60	1
88	57	1
223	26	1
489	135	1
122	310	1
9	105	1
178	263	1
191	274	1
111	469	1
252	31	1
122	492	1
102	148	1
36	307	1
32	307	1
52	135	1
37	135	1
36	151	1
151	307	1
72	157	1
254	30	1
391	408	1
349	18	1
439	408	1
474	408	1
439	127	1
474	127	1
127	408	1
135	63	1
411	290	1
411	13	1
290	13	1
411	20	1
20	13	1
14	105	1
97	410	1
176	410	1
97	417	1
176	417	1
410	417	1
97	178	1
229	13	1
13	157	1
229	157	1
176	178	1
410	178	1
492	174	1
50	221	1
23	90	1
10	90	1
4	485	1
496	132	1
446	129	1
113	359	1
87	113	1
113	255	1
363	113	1
126	113	1
414	485	1
126	359	1
126	255	1
87	126	1
87	359	1
363	255	1
359	255	1
87	255	1
363	126	1
363	359	1
87	363	1
329	275	1
330	193	1
11	330	1
330	66	1
330	52	1
11	52	1
66	52	1
358	364	1
183	364	1
290	364	1
358	131	1
358	20	1
183	20	1
466	319	1
198	337	1
39	298	1
81	63	1
352	37	1
4	143	1
143	246	1
382	390	1
195	390	1
405	120	1
405	8	1
120	8	1
12	405	1
223	250	1
477	56	1
183	231	1
106	287	1
106	231	1
43	287	1
43	231	1
183	113	1
290	246	1
290	143	1
113	287	1
43	6	1
113	231	1
106	113	1
43	113	1
36	113	1
34	287	1
231	34	1
113	34	1
36	34	1
113	6	1
456	327	1
44	287	1
115	223	1
156	124	1
28	123	1
116	123	1
352	115	1
29	18	1
29	63	1
204	39	1
456	335	1
335	162	1
456	228	1
176	346	1
395	176	1
294	335	1
294	133	1
100	494	1
28	41	1
446	91	1
169	28	1
402	248	1
291	28	1
291	169	1
313	244	1
313	34	1
313	138	1
244	138	1
293	134	1
23	215	1
111	327	1
416	209	1
219	154	1
116	154	1
416	45	1
410	26	1
158	26	1
26	30	1
410	1	1
108	13	1
14	50	1
302	402	1
435	272	1
219	148	1
391	450	1
40	162	1
94	162	1
117	266	1
266	8	1
473	100	1
36	94	1
305	22	1
11	169	1
116	410	1
400	345	1
24	7	1
271	127	1
182	166	1
343	135	1
1	3	1
198	3	1
141	3	1
291	3	1
291	141	1
198	141	1
198	1	1
415	182	1
182	328	1
484	248	1
248	134	1
63	233	1
437	233	1
333	51	1
407	471	1
434	7	1
1	480	1
100	444	1
412	71	1
337	427	1
409	212	1
156	409	1
409	64	1
397	249	1
92	166	1
84	359	1
301	67	1
204	301	1
204	67	1
301	134	1
67	134	1
204	134	1
49	246	1
4	49	1
17	452	1
237	233	1
385	102	1
11	231	1
149	291	1
245	143	1
149	1	1
21	242	1
216	242	1
324	233	1
154	94	1
116	88	1
116	68	1
88	68	1
99	3	1
369	116	1
431	99	1
443	166	1
95	126	1
95	50	1
63	126	1
50	63	1
95	63	1
191	20	1
73	169	1
457	82	1
47	21	1
121	335	1
121	47	1
400	287	1
335	21	1
47	335	1
45	7	1
95	7	1
116	199	1
196	1	1
160	78	1
160	242	1
35	327	1
9	327	1
160	327	1
368	279	1
297	480	1
70	96	1
439	468	1
306	271	1
168	9	1
156	60	1
88	299	1
376	101	1
369	386	1
345	273	1
285	2	1
345	2	1
273	285	1
205	273	1
205	285	1
345	285	1
205	345	1
365	111	1
365	442	1
111	442	1
365	153	1
153	111	1
153	442	1
25	78	1
313	125	1
219	199	1
322	203	1
439	285	1
50	222	1
149	222	1
149	444	1
222	444	1
477	3	1
228	72	1
165	41	1
69	494	1
257	7	1
460	257	1
107	219	1
207	364	1
207	103	1
214	255	1
399	214	1
399	255	1
121	214	1
121	255	1
121	399	1
97	45	1
35	350	1
9	350	1
498	355	1
112	497	1
411	8	1
344	194	1
24	147	1
300	459	1
423	92	1
86	298	1
66	299	1
299	54	1
66	54	1
313	217	1
265	194	1
343	471	1
24	373	1
373	233	1
115	47	1
24	233	1
136	464	1
254	471	1
14	38	1
78	220	1
247	188	1
247	78	1
247	220	1
188	220	1
188	78	1
236	198	1
198	231	1
236	231	1
236	63	1
63	231	1
223	107	1
24	447	1
343	57	1
67	328	1
31	295	1
313	104	1
291	54	1
55	405	1
446	231	1
126	307	1
89	355	1
37	179	1
303	162	1
437	51	1
141	120	1
184	190	1
99	342	1
99	184	1
375	79	1
375	226	1
226	79	1
24	362	1
247	129	1
247	77	1
320	307	1
320	5	1
29	333	1
221	19	1
12	19	1
19	2	1
25	285	1
63	469	1
168	68	1
68	8	1
63	266	1
91	469	1
466	272	1
9	185	1
27	273	1
27	185	1
174	6	1
273	6	1
185	6	1
466	174	1
466	273	1
466	171	1
466	185	1
466	9	1
466	27	1
135	277	1
9	171	1
185	171	1
185	273	1
273	174	1
272	273	1
273	171	1
185	174	1
272	185	1
358	159	1
278	54	1
285	47	1
198	450	1
183	85	1
460	333	1
230	238	1
46	346	1
146	3	1
236	13	1
183	246	1
304	347	1
173	335	1
51	335	1
306	214	1
24	54	1
297	23	1
404	154	1
50	154	1
278	135	1
421	134	1
73	219	1
64	402	1
95	402	1
289	92	1
234	353	1
234	37	1
37	353	1
460	327	1
146	61	1
115	57	1
37	125	1
186	190	1
273	190	1
186	72	1
149	435	1
149	8	1
435	8	1
41	126	1
126	6	1
278	154	1
195	129	1
230	415	1
172	211	1
110	294	1
456	347	1
48	343	1
415	351	1
50	234	1
92	271	1
272	159	1
392	162	1
353	59	1
353	1	1
131	77	1
498	296	1
49	88	1
122	4	1
122	14	1
67	92	1
221	242	1
86	5	1
190	442	1
16	78	1
27	30	1
24	471	1
56	471	1
24	56	1
9	157	1
49	161	1
450	405	1
395	405	1
450	346	1
395	450	1
335	120	1
31	120	1
51	79	1
37	154	1
51	427	1
51	117	1
117	427	1
325	428	1
210	428	1
325	210	1
183	154	1
116	429	1
107	108	1
108	1	1
358	65	1
42	162	1
25	42	1
326	16	1
104	76	1
37	183	1
453	188	1
186	89	1
436	28	1
223	54	1
168	141	1
168	116	1
168	14	1
135	5	1
18	296	1
414	34	1
125	452	1
205	393	1
205	24	1
201	402	1
201	220	1
201	68	1
311	402	1
201	138	1
68	138	1
402	142	1
142	220	1
201	142	1
311	142	1
138	142	1
402	3	1
3	220	1
201	3	1
437	54	1
353	362	1
359	279	1
74	279	1
74	359	1
204	120	1
34	57	1
116	34	1
204	34	1
52	34	1
34	120	1
12	34	1
259	120	1
259	57	1
116	259	1
204	52	1
204	57	1
204	116	1
204	259	1
52	57	1
52	259	1
140	127	1
269	84	1
353	343	1
343	362	1
153	3	1
35	3	1
62	3	1
20	35	1
52	20	1
27	35	1
98	282	1
282	52	1
153	52	1
282	153	1
98	52	1
98	153	1
282	27	1
52	35	1
282	35	1
153	35	1
98	35	1
52	62	1
153	62	1
35	62	1
27	52	1
433	103	1
353	18	1
18	362	1
343	18	1
353	35	1
35	362	1
343	35	1
18	35	1
28	26	1
467	91	1
74	437	1
45	403	1
234	108	1
316	231	1
13	231	1
195	393	1
21	491	1
492	88	1
21	440	1
491	440	1
416	280	1
280	387	1
416	387	1
137	296	1
445	79	1
344	58	1
213	377	1
140	368	1
285	51	1
234	359	1
340	327	1
330	57	1
149	52	1
492	458	1
74	445	1
103	189	1
50	103	1
30	189	1
102	188	1
50	189	1
291	405	1
49	360	1
496	74	1
179	108	1
357	187	1
18	157	1
53	148	1
11	148	1
11	53	1
177	137	1
46	137	1
46	201	1
145	302	1
133	162	1
404	314	1
404	161	1
161	314	1
55	432	1
385	60	1
210	350	1
183	72	1
126	78	1
9	126	1
126	89	1
353	51	1
38	76	1
398	178	1
456	10	1
459	166	1
188	124	1
432	199	1
462	13	1
191	144	1
70	188	1
115	35	1
115	39	1
39	35	1
38	103	1
381	262	1
232	103	1
38	54	1
232	281	1
63	26	1
198	267	1
325	65	1
325	104	1
28	79	1
52	450	1
304	334	1
300	334	1
23	334	1
372	216	1
300	23	1
86	216	1
372	86	1
42	216	1
195	334	1
304	300	1
199	42	1
278	102	1
289	372	1
289	255	1
372	255	1
289	76	1
372	76	1
76	255	1
461	471	1
143	210	1
301	42	1
301	34	1
135	479	1
42	210	1
143	42	1
352	355	1
35	94	1
241	175	1
425	419	1
89	429	1
89	35	1
39	432	1
229	39	1
229	432	1
153	148	1
236	184	1
157	178	1
133	59	1
52	32	1
114	31	1
153	26	1
314	429	1
328	157	1
365	328	1
365	157	1
314	131	1
321	231	1
48	206	1
206	131	1
48	429	1
48	314	1
48	131	1
97	23	1
24	23	1
83	118	1
228	25	1
25	83	1
228	83	1
210	76	1
425	348	1
234	96	1
169	12	1
187	40	1
496	52	1
301	405	1
100	387	1
100	78	1
78	387	1
493	169	1
169	142	1
493	142	1
37	142	1
169	1	1
493	1	1
1	142	1
284	84	1
71	129	1
20	77	1
262	77	1
77	220	1
125	77	1
20	262	1
125	20	1
125	86	1
6	220	1
125	6	1
86	6	1
86	220	1
71	19	1
19	129	1
71	3	1
19	3	1
262	220	1
125	262	1
125	220	1
494	31	1
141	79	1
316	266	1
459	310	1
46	212	1
107	80	1
464	387	1
195	310	1
4	490	1
33	494	1
97	459	1
97	303	1
459	63	1
195	63	1
303	63	1
97	63	1
406	42	1
484	75	1
322	412	1
352	135	1
133	390	1
163	335	1
163	310	1
36	462	1
117	295	1
203	207	1
183	181	1
100	294	1
17	163	1
52	63	1
450	299	1
375	277	1
389	181	1
389	98	1
389	3	1
91	216	1
91	220	1
91	68	1
68	216	1
216	220	1
17	67	1
247	67	1
17	247	1
67	84	1
17	84	1
247	84	1
225	67	1
17	225	1
225	247	1
225	84	1
254	67	1
17	254	1
254	84	1
254	225	1
16	67	1
192	166	1
43	192	1
192	5	1
17	16	1
247	16	1
16	84	1
225	16	1
254	16	1
29	67	1
17	29	1
225	29	1
254	29	1
16	29	1
4	67	1
4	84	1
31	239	1
224	105	1
411	131	1
411	85	1
131	85	1
459	119	1
227	251	1
227	282	1
227	160	1
282	160	1
160	103	1
227	103	1
48	334	1
97	339	1
10	387	1
222	277	1
27	246	1
10	114	1
329	387	1
394	387	1
326	15	1
195	494	1
431	233	1
288	163	1
349	260	1
83	79	1
268	10	1
24	162	1
17	181	1
17	3	1
288	275	1
97	464	1
78	15	1
185	445	1
486	272	1
394	228	1
394	2	1
75	19	1
111	273	1
273	160	1
111	1	1
1	160	1
88	437	1
109	231	1
241	144	1
99	162	1
418	45	1
297	299	1
337	57	1
219	179	1
219	54	1
484	451	1
484	251	1
464	497	1
464	15	1
497	15	1
26	287	1
486	103	1
123	405	1
264	407	1
264	259	1
407	241	1
259	241	1
264	20	1
65	407	1
264	65	1
65	241	1
407	62	1
264	62	1
259	62	1
264	4	1
63	258	1
467	144	1
467	93	1
362	388	1
362	92	1
92	388	1
95	298	1
5	2	1
467	37	1
37	144	1
37	93	1
467	72	1
37	72	1
5	144	1
72	2	1
37	5	1
467	6	1
37	6	1
467	2	1
93	2	1
465	2	1
62	469	1
307	101	1
155	33	1
13	327	1
95	155	1
95	33	1
107	126	1
130	45	1
123	360	1
289	361	1
289	42	1
42	361	1
126	327	1
281	142	1
26	142	1
142	8	1
49	142	1
107	56	1
56	245	1
49	26	1
281	26	1
49	281	1
281	8	1
116	135	1
135	2	1
278	78	1
221	78	1
232	125	1
74	387	1
406	21	1
406	121	1
415	201	1
417	76	1
178	76	1
149	2	1
191	306	1
268	114	1
206	20	1
188	77	1
50	185	1
18	8	1
234	325	1
230	178	1
234	186	1
234	13	1
186	13	1
234	18	1
186	18	1
66	297	1
234	109	1
168	410	1
282	22	1
55	13	1
24	180	1
212	479	1
24	163	1
141	408	1
91	246	1
176	141	1
49	162	1
131	92	1
467	98	1
467	20	1
59	347	1
74	291	1
1	180	1
180	137	1
236	297	1
172	402	1
88	60	1
98	32	1
432	35	1
74	115	1
158	301	1
75	190	1
163	444	1
412	256	1
9	368	1
183	9	1
48	368	1
48	9	1
4	368	1
149	66	1
183	368	1
95	40	1
55	327	1
205	74	1
447	68	1
35	447	1
102	59	1
122	12	1
50	157	1
270	12	1
12	273	1
1	5	1
311	287	1
119	169	1
72	117	1
13	469	1
119	118	1
169	118	1
17	118	1
414	37	1
414	81	1
81	37	1
39	2	1
369	473	1
406	473	1
369	406	1
429	335	1
221	430	1
116	221	1
291	2	1
140	145	1
213	316	1
213	147	1
164	337	1
39	226	1
39	54	1
37	39	1
39	337	1
164	39	1
164	54	1
164	226	1
337	226	1
337	54	1
54	226	1
37	337	1
37	226	1
37	54	1
272	210	1
332	267	1
332	141	1
317	141	1
228	141	1
213	332	1
317	213	1
213	228	1
213	141	1
317	267	1
141	267	1
213	267	1
213	2	1
2	267	1
317	228	1
228	332	1
193	405	1
172	481	1
124	481	1
88	189	1
353	189	1
357	189	1
273	200	1
349	305	1
289	9	1
289	89	1
432	262	1
432	41	1
9	262	1
168	430	1
1	76	1
85	76	1
183	161	1
40	82	1
453	154	1
204	453	1
83	154	1
453	83	1
204	83	1
205	113	1
113	8	1
413	342	1
25	85	1
223	488	1
223	192	1
488	192	1
204	223	1
204	488	1
204	192	1
488	63	1
179	79	1
465	115	1
115	236	1
115	405	1
465	236	1
144	424	1
236	405	1
465	405	1
213	59	1
213	297	1
204	297	1
116	65	1
201	160	1
352	38	1
352	35	1
38	35	1
11	437	1
437	93	1
11	93	1
82	7	1
141	59	1
46	202	1
25	160	1
305	7	1
479	82	1
330	120	1
74	27	1
88	2	1
468	368	1
305	479	1
369	146	1
305	82	1
74	353	1
437	120	1
107	190	1
38	190	1
406	375	1
464	128	1
169	8	1
35	324	1
452	5	1
222	108	1
182	68	1
65	159	1
116	60	1
70	99	1
70	495	1
495	99	1
70	16	1
495	16	1
16	99	1
9	200	1
66	120	1
14	310	1
380	113	1
113	54	1
29	399	1
92	443	1
268	444	1
487	6	1
126	299	1
96	82	1
90	82	1
17	90	1
168	299	1
441	297	1
96	90	1
136	288	1
452	471	1
100	335	1
265	335	1
265	31	1
100	265	1
265	10	1
43	328	1
37	498	1
103	279	1
265	103	1
103	84	1
29	103	1
369	100	1
332	117	1
332	8	1
446	71	1
446	22	1
71	22	1
205	41	1
52	41	1
205	52	1
191	458	1
191	402	1
130	458	1
130	191	1
130	402	1
108	89	1
252	67	1
213	266	1
1	266	1
108	336	1
108	434	1
434	336	1
310	90	1
310	162	1
327	440	1
153	86	1
456	82	1
490	361	1
490	181	1
254	256	1
4	256	1
409	446	1
409	58	1
404	444	1
353	296	1
99	178	1
74	13	1
73	13	1
73	74	1
229	255	1
210	258	1
122	250	1
250	102	1
224	231	1
116	209	1
146	209	1
209	430	1
224	43	1
153	233	1
224	153	1
224	233	1
55	139	1
55	458	1
458	139	1
270	40	1
332	12	1
197	221	1
146	430	1
116	146	1
197	79	1
458	68	1
9	377	1
377	89	1
386	62	1
165	208	1
17	12	1
278	137	1
57	137	1
259	78	1
259	273	1
2	78	1
259	2	1
401	78	1
17	78	1
273	78	1
411	199	1
199	210	1
411	210	1
213	57	1
28	75	1
28	405	1
458	184	1
273	166	1
176	396	1
176	284	1
169	154	1
385	1	1
203	387	1
44	387	1
183	203	1
183	387	1
399	189	1
81	355	1
85	355	1
302	324	1
