id1	id2	weight
385	1017	1
385	398	1
385	118	1
385	1009	1
1017	398	1
1017	118	1
1017	1009	1
398	118	1
398	1009	1
118	1009	1
2528	144	1
984	142	1
988	2530	1
185	60	1
189	2531	1
189	59	1
189	188	1
2531	59	1
2531	188	1
59	188	1
373	88	1
373	87	1
373	5	2
88	87	1
88	5	1
87	5	1
2532	995	1
2532	2533	1
2532	2534	1
995	2533	1
995	2534	1
2533	2534	1
369	196	2
2535	91	1
1056	436	1
1056	2536	1
436	2536	1
380	2537	1
380	1028	1
2537	1028	1
134	6	1
384	92	1
2539	432	1
2540	2541	1
160	77	1
160	206	1
160	2527	1
160	1052	1
160	99	1
206	2527	1
206	1052	1
206	99	1
2527	1052	1
2527	99	1
1052	99	1
1040	342	1
1031	339	1
336	337	1
78	334	1
78	434	1
334	434	1
240	2525	1
139	41	1
68	480	1
2524	2508	1
2524	2509	1
2524	981	1
2508	2509	1
2508	981	1
2509	981	1
331	147	1
2512	2510	1
2512	2511	1
2512	330	1
2510	2511	1
2510	330	1
2511	330	1
57	327	1
324	470	1
324	325	1
470	325	1
333	2514	1
333	463	1
2514	463	1
403	216	3
403	404	3
403	7	3
403	137	3
403	230	2
216	404	3
216	7	3
216	137	3
216	230	2
404	7	3
404	137	3
404	230	2
7	137	3
7	230	2
137	230	2
401	2516	1
2517	361	1
2517	395	1
2517	15	1
2517	362	1
361	395	2
361	15	1
361	362	2
395	15	1
395	362	2
15	362	1
2519	64	1
2519	2520	1
64	2520	1
2543	963	1
2543	2522	1
2543	236	1
2543	2523	1
2543	2521	1
963	2522	1
963	236	1
963	2523	1
963	2521	1
2522	236	1
2522	2523	1
2522	2521	1
236	2523	1
236	2521	1
2523	2521	1
2526	2	1
2526	107	1
2	107	2
974	2544	1
380	2564	1
380	213	1
2564	213	1
2566	20	1
2566	218	1
20	218	1
2567	225	1
2567	346	1
225	346	2
2570	2569	1
353	110	3
2571	107	1
2572	944	1
947	485	1
2574	2575	1
2574	2573	1
2575	2573	1
2576	223	1
2579	2578	1
9	208	2
964	2565	1
964	352	2
2565	352	1
560	562	1
354	915	1
2546	2563	1
53	2562	1
53	900	1
2562	900	1
239	143	1
979	66	2
979	2547	1
979	14	1
66	2547	1
66	14	1
2547	14	1
2549	2548	1
2549	1041	1
2548	1041	1
1058	69	2
1058	999	2
69	999	2
171	16	1
576	573	1
994	147	1
994	107	1
994	553	1
147	107	1
147	553	1
107	553	1
403	167	1
403	1016	2
167	1016	1
167	216	1
167	404	1
167	7	1
167	137	1
167	230	1
1016	216	2
1016	404	2
1016	7	2
1016	137	2
1016	230	1
2551	130	1
28	2552	1
164	22	2
2554	360	1
363	2555	1
920	584	1
920	961	1
920	161	1
584	961	1
584	161	1
961	161	1
2556	323	1
328	946	1
2558	912	1
157	905	1
191	157	1
2506	2507	1
2506	1037	1
2507	1037	1
2452	506	1
2455	203	1
2455	2454	1
2455	2453	1
203	2454	1
203	2453	1
2454	2453	1
2456	201	1
1000	2458	1
1000	2457	1
2458	2457	1
494	991	2
195	2460	1
195	367	1
2460	367	1
383	176	1
383	1003	1
176	1003	1
2462	539	1
2462	538	1
2462	115	1
539	538	1
539	115	1
538	115	2
2463	2465	1
2463	2464	1
2463	531	1
2465	2464	1
2465	531	1
2464	531	1
183	182	2
183	113	1
182	113	1
2451	2466	1
2449	2450	1
2449	2448	1
2450	2448	1
922	382	1
922	180	2
382	180	1
2434	2436	1
2434	2435	1
2436	2435	1
2437	342	1
522	334	1
522	2438	1
334	2438	1
81	256	1
2439	2431	1
2439	523	1
2431	523	1
2444	2442	1
2444	2441	1
2444	2443	1
2444	18	1
2442	2441	1
2442	2443	1
2442	18	1
2441	2443	1
2441	18	1
2443	18	1
2445	2446	1
2445	532	1
2445	949	1
2445	955	1
2446	532	1
2446	949	1
2446	955	1
532	949	1
532	955	1
949	955	1
2447	536	1
2447	186	1
536	186	1
195	2467	1
195	187	1
2467	187	1
2469	2468	1
2469	114	1
2468	114	1
540	268	1
964	2488	1
2488	352	1
2490	2491	1
2490	265	1
2491	265	1
547	86	1
547	2494	1
547	2493	1
86	2494	1
86	2493	1
2494	2493	1
2497	2496	1
2497	2498	1
2497	2495	1
2497	962	1
2497	116	1
2497	250	1
2496	2498	1
2496	2495	1
2496	962	1
2496	116	1
2496	250	1
2498	2495	1
2498	962	1
2498	116	1
2498	250	1
2495	962	1
2495	116	1
2495	250	1
962	116	1
962	250	1
116	250	1
194	55	1
2499	2501	1
2499	2502	1
2499	2500	1
2499	980	1
2501	2502	1
2501	2500	1
2501	980	1
2502	2500	1
2502	980	1
2500	980	1
2503	491	1
939	79	1
939	938	1
79	938	1
2489	2470	1
2489	2487	1
2489	94	1
2470	2487	1
2470	94	1
2487	94	1
2471	2486	1
2471	500	1
2486	500	1
522	2474	1
522	505	1
2474	505	1
901	328	1
901	2475	1
328	2475	1
934	2477	1
2480	2479	1
2480	2478	1
2479	2478	1
314	1	2
353	153	1
353	67	1
353	925	1
153	67	1
153	110	1
153	925	1
67	110	1
67	925	1
110	925	1
2481	318	1
2481	1	1
318	1	1
517	39	1
2482	1043	1
2483	78	1
2483	984	1
2483	3	1
2483	84	1
78	984	1
78	3	1
78	84	1
984	3	1
984	84	1
3	84	1
577	2484	1
2485	279	1
1050	2581	1
7	9	2
1024	998	2
1024	345	2
998	345	2
570	556	1
570	3	1
556	3	2
324	2583	1
2680	93	1
206	287	1
2683	2684	1
2683	1006	1
2684	1006	1
1013	290	1
583	2685	1
989	2686	1
989	1004	1
2686	1004	1
2687	2688	1
224	94	2
4	68	2
2693	2692	1
2693	563	1
2693	2691	1
2693	2690	1
2692	563	1
2692	2691	1
2692	2690	1
563	2691	1
563	2690	1
2691	2690	1
559	67	1
2694	558	1
571	367	1
2676	398	1
88	306	1
2665	921	1
2666	916	1
201	227	1
2672	2671	1
2672	2670	1
2671	2670	1
418	13	1
2675	2674	1
421	298	1
421	2695	1
421	910	1
298	2695	1
298	910	1
2695	910	1
2696	2678	1
2696	271	1
2678	271	1
2716	425	1
2718	966	1
429	2719	1
368	2720	1
2724	2723	1
2725	247	1
2725	958	1
247	958	1
2726	21	1
2730	2715	1
2730	2731	1
2730	2717	1
2730	2732	1
2730	943	1
2730	337	1
2730	89	1
2730	2729	1
2730	65	1
2730	235	1
2730	11	1
2730	2728	1
2730	5	1
2730	1	1
2730	2727	1
2715	2731	1
2715	2717	1
2715	2732	1
2715	943	1
2715	337	1
2715	89	1
2715	2729	1
2715	65	1
2715	235	1
2715	11	1
2715	2728	1
2715	5	1
2715	1	1
2715	2727	1
2731	2717	1
2731	2732	1
2731	943	1
2731	337	1
2731	89	1
2731	2729	1
2731	65	1
2731	235	1
2731	11	1
2731	2728	1
2731	5	1
2731	1	1
2731	2727	1
2717	2732	1
2717	943	1
2717	337	1
2717	89	1
2717	2729	1
2717	65	1
2717	235	1
2717	11	1
2717	2728	1
2717	5	1
2717	1	1
2717	2727	1
2732	943	1
2732	337	1
2732	89	1
2732	2729	1
2732	65	1
2732	235	1
2732	11	1
2732	2728	1
2732	5	1
2732	1	1
2732	2727	1
943	337	1
943	89	1
943	2729	1
943	65	1
943	235	1
943	11	1
943	2728	1
943	5	1
943	1	1
943	2727	1
337	89	1
337	2729	1
337	65	1
337	235	1
337	11	1
337	2728	1
337	5	1
337	1	1
337	2727	1
89	2729	1
89	65	1
89	235	1
89	11	1
89	2728	1
89	5	1
89	1	2
89	2727	1
2729	65	1
2729	235	1
2729	11	1
2729	2728	1
2729	5	1
2729	1	1
2729	2727	1
65	235	1
65	11	1
65	2728	1
65	5	1
65	1	1
65	2727	1
235	11	1
235	2728	1
235	5	1
235	1	1
235	2727	1
11	2728	1
11	5	1
11	1	1
11	2727	1
2728	5	1
2728	1	1
2728	2727	1
5	1	3
5	2727	1
1	2727	1
354	249	1
132	171	2
918	2699	1
918	2714	1
2699	2714	1
2701	2700	1
226	23	1
186	913	1
1012	232	1
1012	213	1
232	213	1
100	140	1
100	94	1
140	94	1
893	2710	1
461	983	1
986	290	2
993	992	1
205	2712	1
169	975	1
438	2697	1
438	439	1
438	2658	1
2697	439	1
2697	2658	1
439	2658	1
942	2621	1
942	442	1
2621	442	1
91	2657	1
91	293	1
2657	293	1
2604	448	1
2604	292	1
2604	288	1
448	292	1
448	288	1
292	288	2
2606	971	1
2608	2607	1
185	268	1
185	2609	1
185	959	1
268	2609	1
268	959	2
2609	959	1
139	1031	1
2611	926	1
2611	457	1
2611	310	1
926	457	1
926	310	1
457	310	1
167	931	1
34	133	1
923	2613	1
923	445	1
2613	445	1
96	303	1
96	99	1
303	99	1
459	2614	1
459	2616	1
459	2615	1
459	477	1
459	302	1
2614	2616	1
2614	2615	1
2614	477	1
2614	302	1
2616	2615	1
2616	477	1
2616	302	1
2615	477	1
2615	302	1
477	302	1
1032	2618	1
247	468	1
268	193	1
959	193	1
1055	2601	1
190	2584	1
1018	2585	1
83	183	2
83	412	3
183	412	2
1005	258	1
1005	980	1
258	980	1
2589	2588	1
2589	2587	1
2589	258	1
2589	2586	1
2588	2587	1
2588	258	1
2588	2586	1
2587	258	1
2587	2586	1
258	2586	1
2590	176	1
321	987	1
139	1046	1
139	272	1
1046	272	1
82	1	2
2592	263	1
2593	2594	1
472	2595	1
1038	2597	1
1038	2598	1
1038	3	1
2597	2598	1
2597	3	1
2598	3	1
2599	100	1
1053	43	1
2642	2602	1
2642	2640	1
2642	444	1
2642	2620	1
2602	2640	1
2602	444	1
2602	2620	1
2640	444	1
2640	2620	1
444	2620	1
296	484	1
476	2643	1
476	286	1
2643	286	1
324	895	1
324	897	1
895	897	1
467	2644	1
467	149	1
2644	149	1
2646	2647	1
2646	109	1
2646	2645	1
2647	109	1
2647	2645	1
109	2645	1
146	2649	1
146	150	1
2649	150	1
96	37	1
459	363	1
459	2650	1
363	2650	1
16	34	1
2652	2651	1
2656	2655	1
924	5	1
950	367	1
2639	2622	1
2639	144	1
2639	43	1
2622	144	1
2622	43	1
144	43	1
2638	2623	1
78	931	1
78	56	1
931	56	1
281	284	1
943	561	1
64	13	1
64	7	1
13	7	1
2626	5	1
2629	2630	1
2629	494	1
2630	494	1
2631	2632	1
2633	2634	1
2637	1057	1
2637	2636	1
1057	2636	1
937	278	1
937	13	1
278	13	1
2223	2224	1
132	929	1
504	21	1
2226	2227	1
2226	21	1
2227	21	1
2228	89	1
2228	2229	1
89	2229	1
2233	2232	1
2235	2234	1
544	2236	1
2202	2219	1
2202	142	1
2219	142	1
34	1	1
243	85	1
267	112	2
950	2218	1
2203	561	1
2205	2206	1
2205	2207	1
2206	2207	1
2208	386	1
2209	2210	1
2209	38	1
2210	38	1
2212	2213	1
2237	286	1
2258	51	1
2260	2261	1
20	911	1
354	313	1
155	3	1
155	2263	1
3	2263	1
2266	1035	1
49	16	1
57	18	1
57	162	1
18	162	1
13	904	1
13	359	1
13	21	1
904	359	1
904	21	1
359	21	2
386	2268	1
2271	2270	1
2271	2269	1
2270	2269	1
2274	2259	1
2240	211	1
2240	115	1
211	115	1
2256	8	1
2256	2241	1
2256	72	1
2256	582	1
2256	347	1
8	2241	1
8	72	6
8	582	3
8	347	4
2241	72	1
2241	582	1
2241	347	1
72	582	2
72	347	3
582	347	3
8	389	2
8	75	4
8	36	4
389	582	2
389	75	1
389	36	2
389	347	2
582	75	1
582	36	2
75	36	4
75	347	1
36	347	2
8	2242	1
72	389	1
72	2242	1
72	36	4
389	2242	1
582	2242	1
2242	36	1
2242	347	1
2245	2244	1
2249	2250	1
2254	2239	1
2254	2255	1
2254	2201	1
2254	2253	1
2254	2252	1
2239	2255	1
2239	2201	1
2239	2253	1
2239	2252	1
2255	2201	1
2255	2253	1
2255	2252	1
2201	2253	1
2201	2252	1
2253	2252	1
1025	135	1
1025	8	1
1025	2200	1
1025	466	2
1025	72	1
1025	347	1
135	8	5
135	2200	1
135	466	2
135	72	5
135	347	1
8	2200	1
8	466	2
2200	466	1
2200	72	1
2200	347	1
466	72	1
466	347	1
2199	149	1
2199	219	1
2199	997	1
149	219	2
149	997	2
219	997	2
340	2147	1
340	2146	1
340	1022	1
2147	2146	1
2147	1022	1
2146	1022	1
1023	2149	1
1023	135	1
1023	8	1
1023	466	1
1023	75	1
2149	135	1
2149	8	1
2149	466	1
2149	75	1
135	75	4
466	75	1
2151	135	1
2151	8	1
2151	2153	1
2151	2152	1
2151	72	1
135	2153	1
135	2152	1
8	2153	1
8	2152	1
2153	2152	1
2153	72	1
2152	72	1
2156	2155	1
2156	2154	1
2155	2154	1
1007	2158	1
3	320	2
601	285	1
601	27	1
285	27	1
361	2160	1
361	216	1
361	417	1
2160	216	1
2160	417	1
216	417	1
184	416	3
184	595	1
416	595	1
2144	2126	1
2144	2142	1
2144	8	1
2144	371	1
2144	431	1
2144	2143	1
2144	18	1
2144	10	1
2144	378	1
2144	2145	1
2126	2142	1
2126	8	1
2126	371	1
2126	431	1
2126	2143	1
2126	18	1
2126	10	1
2126	378	1
2126	2145	1
2142	8	1
2142	371	1
2142	431	1
2142	2143	1
2142	18	1
2142	10	1
2142	378	1
2142	2145	1
8	371	1
8	431	1
8	2143	1
8	18	1
8	10	1
8	378	2
8	2145	1
371	431	1
371	2143	1
371	18	1
371	10	1
371	378	1
371	2145	1
431	2143	1
431	18	1
431	10	1
431	378	1
431	2145	1
2143	18	1
2143	10	1
2143	378	1
2143	2145	1
18	10	1
18	378	1
18	2145	1
10	378	1
10	2145	1
378	2145	1
616	431	1
616	267	1
616	2127	1
616	387	1
616	910	1
431	267	1
431	2127	1
431	387	1
431	910	1
267	2127	1
267	387	1
267	910	1
2127	387	1
2127	910	1
387	910	1
461	297	1
461	464	1
297	464	1
2128	88	1
2129	44	1
2130	41	1
2125	2135	1
2125	2137	1
2125	2131	1
2125	2132	1
2125	2136	1
2125	2133	1
2135	2137	1
2135	2131	1
2135	2132	1
2135	2136	1
2135	2133	1
2137	2131	1
2137	2132	1
2137	2136	1
2137	2133	1
2131	2132	1
2131	2136	1
2131	2133	1
2132	2136	1
2132	2133	1
2136	2133	1
2138	138	1
2138	639	1
138	639	1
2139	907	1
2139	5	1
2139	1	1
907	5	1
907	1	1
481	2140	1
2141	2161	1
2141	217	1
2161	217	1
2163	2185	1
2163	2184	1
2163	631	1
2163	2182	1
2163	2162	1
2163	74	1
2163	618	1
2185	2184	1
2185	631	1
2185	2182	1
2185	2162	1
2185	74	1
2185	618	1
2184	631	1
2184	2182	1
2184	2162	1
2184	74	1
2184	618	1
631	2182	1
631	2162	1
631	74	1
631	618	2
2182	2162	1
2182	74	1
2182	618	1
2162	74	1
2162	618	1
74	618	1
2187	2186	1
2187	2188	1
2186	2188	1
2189	394	1
2190	652	1
2191	2192	1
2191	648	1
2192	648	1
2193	645	1
2195	2194	1
2196	74	1
267	2197	1
267	2198	1
267	2164	1
267	2181	1
267	2183	1
2197	2198	1
2197	2164	1
2197	2181	1
2197	2183	1
2197	112	1
2198	2164	1
2198	2181	1
2198	2183	1
2198	112	1
2164	2181	1
2164	2183	1
2164	112	1
2181	2183	1
2181	112	1
2183	112	1
2180	113	1
1018	431	1
1018	2166	1
1018	591	1
1018	944	1
431	2166	1
431	591	1
431	944	1
2166	591	1
2166	944	1
591	944	1
2167	356	1
104	2170	1
104	429	1
104	2171	1
104	612	1
104	327	1
104	2172	1
104	2169	1
104	2173	1
104	110	1
104	573	1
104	339	1
104	2168	1
104	208	1
2170	429	1
2170	2171	1
2170	612	1
2170	327	1
2170	2172	1
2170	2169	1
2170	2173	1
2170	110	1
2170	573	1
2170	339	1
2170	2168	1
2170	208	1
429	2171	1
429	612	1
429	327	1
429	2172	1
429	2169	1
429	2173	1
429	110	1
429	573	1
429	339	1
429	2168	1
429	208	1
2171	612	1
2171	327	1
2171	2172	1
2171	2169	1
2171	2173	1
2171	110	1
2171	573	1
2171	339	1
2171	2168	1
2171	208	1
612	327	1
612	2172	1
612	2169	1
612	2173	1
612	110	1
612	573	1
612	339	1
612	2168	1
612	208	1
327	2172	1
327	2169	1
327	2173	1
327	110	1
327	573	1
327	339	1
327	2168	1
327	208	1
2172	2169	1
2172	2173	1
2172	110	1
2172	573	1
2172	339	1
2172	2168	1
2172	208	1
2169	2173	1
2169	110	1
2169	573	1
2169	339	1
2169	2168	1
2169	208	1
2173	110	1
2173	573	1
2173	339	1
2173	2168	1
2173	208	1
110	573	1
110	339	1
110	2168	1
110	208	1
573	339	1
573	2168	1
573	208	1
339	2168	1
339	208	1
2168	208	1
105	658	2
105	614	1
105	108	2
658	614	1
658	108	2
614	108	1
2174	522	1
2174	2175	1
522	2175	1
624	2176	1
2177	129	1
2177	158	1
2177	128	1
2177	335	1
129	158	1
129	128	1
129	335	1
158	128	2
158	335	1
128	335	1
58	30	1
58	2179	1
30	2179	1
2275	609	1
2134	343	1
70	126	1
3	302	2
2287	58	1
371	580	2
371	15	2
371	108	2
371	138	1
371	30	2
371	92	1
371	554	2
580	15	3
580	108	3
580	138	2
580	30	3
580	92	1
580	554	3
15	108	3
15	138	3
15	30	5
15	92	1
15	554	3
108	138	2
108	30	4
108	92	1
108	554	3
138	30	3
138	92	1
138	554	2
30	92	1
30	554	3
92	554	1
2375	2376	1
482	371	1
482	580	1
482	15	2
482	108	1
482	30	1
482	27	1
482	554	1
371	27	1
580	27	2
15	27	3
108	27	2
30	27	3
27	554	2
2377	142	1
2377	1041	1
142	1041	1
2378	635	1
2378	2379	1
2378	122	1
635	2379	1
635	122	1
2379	122	1
634	2380	1
2383	2384	1
2383	15	1
2383	2381	1
2383	114	1
2383	2382	1
2384	15	1
2384	2381	1
2384	114	1
2384	2382	1
15	2381	1
15	114	1
15	2382	1
2381	114	1
2381	2382	1
114	2382	1
152	515	1
511	2385	1
511	1021	1
511	512	1
2385	1021	1
2385	512	1
1021	512	1
189	2374	1
189	138	1
189	2389	1
189	382	1
189	417	1
189	2387	1
189	387	1
189	2388	1
189	628	1
2374	138	1
2374	2389	1
2374	382	1
2374	417	1
2374	2387	1
2374	387	1
2374	2388	1
2374	628	1
138	2389	1
138	382	1
138	417	1
138	2387	1
138	387	1
138	2388	1
138	628	1
2389	382	1
2389	417	1
2389	2387	1
2389	387	1
2389	2388	1
2389	628	1
382	417	1
382	2387	1
382	387	1
382	2388	1
382	628	1
417	2387	1
417	387	1
417	2388	1
417	628	1
2387	387	1
2387	2388	1
2387	628	1
387	2388	1
387	628	1
2388	628	1
626	2372	1
2356	2371	1
2356	503	1
2356	39	1
2371	503	1
2371	39	1
503	39	1
501	2357	1
501	497	1
501	15	1
501	30	1
501	356	1
501	417	1
501	200	1
2357	497	1
2357	15	1
2357	30	1
2357	356	1
2357	417	1
2357	200	1
497	15	1
497	30	1
497	356	1
497	417	1
497	200	1
15	356	1
15	417	1
15	200	1
30	356	1
30	417	1
30	200	1
356	417	1
356	200	1
417	200	1
2359	32	1
2359	341	1
2359	2358	1
2359	3	1
32	341	1
32	2358	1
32	3	1
341	2358	1
341	3	1
2358	3	1
184	644	1
416	644	1
2362	2361	1
2362	197	1
2362	77	1
2362	2360	1
2362	40	1
2362	549	1
2361	197	1
2361	77	1
2361	2360	1
2361	40	1
2361	549	1
197	77	1
197	2360	1
197	40	1
197	549	1
77	2360	1
77	40	1
77	549	1
2360	40	1
2360	549	1
40	549	2
610	2363	1
610	39	1
2363	39	1
599	527	1
599	2366	1
599	2368	1
599	2369	1
599	30	1
599	2365	1
599	2367	1
527	2366	1
527	2368	1
527	2369	1
527	30	1
527	2365	1
527	2367	1
2366	2368	1
2366	2369	1
2366	30	1
2366	2365	1
2366	2367	1
2368	2369	1
2368	30	1
2368	2365	1
2368	2367	1
2369	30	1
2369	2365	1
2369	2367	1
30	2365	1
30	2367	1
2365	2367	1
2390	2370	1
580	212	1
212	15	1
212	108	1
212	138	1
212	30	1
212	27	1
212	554	1
138	27	2
2391	2373	1
2391	892	1
2391	2411	1
2391	320	1
2373	892	1
2373	2411	1
2373	320	1
892	2411	1
892	320	1
2411	320	1
2414	64	1
2414	2413	1
2414	235	1
2414	433	1
64	2413	1
64	235	1
64	433	1
2413	235	1
2413	433	1
235	433	1
17	8	1
17	2417	1
17	2418	1
17	28	1
17	604	1
17	2416	1
8	2417	1
8	2418	1
8	28	1
8	604	1
8	2416	1
2417	2418	1
2417	28	1
2417	604	1
2417	2416	1
2418	28	1
2418	604	1
2418	2416	1
28	604	1
28	2416	1
604	2416	1
577	2419	1
2422	2420	1
2422	2421	1
2422	97	1
2420	2421	1
2420	97	1
2421	97	1
2423	8	1
2423	1005	1
2423	2424	1
8	1005	1
8	2424	1
1005	2424	1
97	542	1
262	2425	1
521	2426	1
2427	245	1
2427	219	1
245	219	1
18	152	1
18	647	1
152	647	1
2409	2393	1
2394	2395	1
2394	655	1
2394	199	1
2395	655	1
2395	199	1
655	199	1
189	636	1
202	111	2
202	508	1
202	620	1
202	2396	1
111	508	1
111	620	1
111	2396	1
508	620	2
508	2396	1
620	2396	1
2397	151	1
2398	632	1
2398	520	1
632	520	1
2399	2400	1
2401	16	1
581	307	1
2403	2402	1
621	2405	1
2407	2406	1
567	23	1
105	30	1
658	30	1
2392	366	1
963	2353	1
123	650	1
2299	2352	1
291	17	2
243	482	1
243	15	1
2300	193	1
2301	37	1
2303	2302	1
511	31	2
511	2305	1
511	2307	1
511	564	1
511	63	2
511	2306	1
511	2304	1
31	2305	1
31	2307	1
31	564	1
31	63	2
31	2306	1
31	2304	1
2305	2307	1
2305	564	1
2305	63	1
2305	2306	1
2305	2304	1
2307	564	1
2307	63	1
2307	2306	1
2307	2304	1
564	63	1
564	2306	1
564	2304	1
63	2306	1
63	2304	1
2306	2304	1
2308	190	1
2308	581	1
190	581	1
2312	2311	1
2312	99	1
2311	99	1
2313	2298	1
2313	2297	1
2298	2297	1
222	585	1
309	2296	1
309	2279	1
309	492	1
309	2295	1
2296	2279	1
2296	492	1
2296	2295	1
2279	492	1
2279	2295	1
492	2295	1
539	2280	1
539	2281	1
539	240	1
2280	2281	1
2280	240	1
2281	240	1
2284	410	1
2284	2282	1
2284	2283	1
410	2282	1
410	2283	1
2282	2283	1
2278	2286	1
2288	423	1
2291	2290	1
641	2292	1
641	426	1
2292	426	1
599	515	1
116	73	1
2294	531	1
653	408	1
2335	163	1
2335	2316	1
163	2316	1
2339	2340	1
2339	2338	1
2339	230	1
2340	2338	1
2340	230	1
2338	230	1
135	2341	1
135	264	3
135	36	3
2341	264	1
2341	72	1
2341	75	1
2341	36	1
264	72	3
264	75	3
264	36	3
72	75	3
8	264	2
123	288	1
123	251	1
288	251	1
29	34	1
2344	2343	1
633	11	1
2345	508	1
2345	240	1
508	240	1
2348	2347	1
2348	19	1
2347	19	1
51	2349	1
593	2350	1
76	221	1
2336	2351	1
2336	33	1
2336	281	1
2336	71	1
2351	33	1
2351	281	1
2351	71	1
33	281	1
33	71	1
281	71	1
2334	623	1
2333	2317	1
2333	2318	1
2317	2318	1
636	2319	1
636	2320	1
2319	2320	1
2321	2322	1
2321	619	1
2322	619	1
2323	259	1
2323	2324	1
259	2324	1
67	44	1
139	278	1
139	2327	1
139	449	1
139	7	1
139	150	1
278	2327	1
278	449	1
278	7	1
278	150	1
2327	449	1
2327	7	1
2327	150	1
449	7	1
449	150	1
7	150	1
542	23	1
4	282	2
88	380	1
642	316	1
638	517	1
638	279	1
517	279	1
605	2329	1
606	48	2
606	257	2
48	257	2
53	2330	1
53	127	1
53	130	1
2330	127	1
2330	130	1
127	130	1
2331	365	1
596	92	2
596	602	1
92	602	1
3040	221	1
3140	3139	1
3140	3138	1
3139	3138	1
675	504	2
3141	148	1
3141	84	1
148	84	1
3144	3143	1
3144	3142	1
3143	3142	1
3145	808	1
3145	396	1
808	396	2
3146	16	1
809	75	1
3148	405	1
3150	3151	1
3150	3152	1
3151	3152	1
3135	87	1
3120	3119	1
3120	340	1
3120	3118	1
3120	3121	1
3120	14	1
3120	3134	1
3119	340	1
3119	3118	1
3119	3121	1
3119	14	1
3119	3134	1
340	3118	1
340	3121	1
340	14	1
340	3134	1
3118	3121	1
3118	14	1
3118	3134	1
3121	14	1
3121	3134	1
14	3134	1
10	424	1
3124	1026	1
76	3125	1
76	3126	1
76	3127	1
3125	3126	1
3125	3127	1
3126	3127	1
407	813	1
192	11	1
57	3129	1
57	192	1
57	252	1
3129	192	1
3129	252	1
192	252	1
3130	3131	1
59	3133	1
3153	3154	1
3153	3136	1
3154	3136	1
815	471	1
644	3176	1
644	3177	1
644	3174	1
644	3178	1
3176	3177	1
3176	3174	1
3176	3178	1
3177	3174	1
3177	3178	1
3174	3178	1
521	175	1
451	817	1
451	3179	1
817	3179	1
317	3183	1
317	3182	1
317	3180	1
317	71	4
317	3181	1
3183	3182	1
3183	3180	1
3183	71	1
3183	3181	1
3182	3180	1
3182	71	1
3182	3181	1
3180	71	1
3180	3181	1
71	3181	1
317	3184	1
317	43	1
71	3184	1
71	43	1
3184	43	1
939	16	1
3185	819	1
820	421	1
820	3187	1
820	18	1
820	3186	1
421	3187	1
421	18	1
421	3186	1
3187	18	1
3187	3186	1
18	3186	1
822	444	1
47	823	1
168	136	1
3175	115	1
3175	3190	1
115	3190	1
3172	446	1
3172	3173	1
3172	3156	1
446	3173	1
446	3156	1
3173	3156	1
3157	3158	1
3161	3160	1
3161	3163	1
3161	3159	1
3161	3162	1
3160	3163	1
3160	3159	1
3160	3162	1
3163	3159	1
3163	3162	1
3159	3162	1
2	360	1
441	3164	1
2	63	1
57	3165	1
464	826	1
464	172	1
826	172	1
3167	3166	1
3167	458	1
3167	827	1
3166	458	1
3166	827	1
458	827	1
3168	122	1
12	3169	1
829	112	1
606	232	1
48	232	1
232	257	1
830	3117	1
830	831	1
3117	831	1
233	3115	1
807	3062	1
807	3063	1
3062	3063	1
3064	1	1
985	805	1
475	290	1
3066	3065	1
221	3067	1
221	3068	1
3067	3068	1
3070	408	1
3070	225	1
408	225	2
3074	3073	1
3076	3075	1
3059	3060	1
4	780	1
311	3043	1
311	781	1
311	3042	1
3043	781	1
3043	3042	1
781	3042	1
783	196	1
104	222	2
104	150	1
222	150	1
3045	273	1
3045	228	1
273	228	1
203	455	1
203	3046	1
455	3046	1
497	784	1
3047	462	1
785	3048	1
785	38	2
3048	38	1
563	20	1
563	786	1
563	34	1
563	122	1
563	3041	1
563	787	1
20	786	1
20	34	1
20	122	1
20	3041	1
20	787	1
786	34	1
786	122	2
786	3041	1
786	787	1
34	122	1
34	3041	1
34	787	1
122	3041	1
122	787	1
3041	787	1
17	3049	1
17	46	3
17	50	1
3049	46	1
3049	50	1
46	50	1
3054	246	1
29	445	1
29	275	1
29	292	1
29	237	1
445	275	1
445	292	1
445	237	1
275	292	2
275	237	1
292	237	1
303	3056	1
303	3057	1
303	3055	1
303	516	1
303	791	1
303	790	1
303	128	1
3056	3057	1
3056	3055	1
3056	516	1
3056	791	1
3056	790	1
3056	128	1
3057	3055	1
3057	516	1
3057	791	1
3057	790	1
3057	128	1
3055	516	1
3055	791	1
3055	790	1
3055	128	1
516	791	1
516	790	1
516	128	1
791	790	1
791	128	1
790	128	1
124	3077	1
124	73	2
3077	73	1
6	392	2
6	179	1
392	179	1
451	274	1
451	3079	1
451	3078	1
451	37	1
274	3079	1
274	3078	1
274	37	4
3079	3078	1
3079	37	1
3078	37	1
795	3098	1
80	3100	1
3105	3104	1
3109	3107	1
3109	3108	1
3107	3108	1
285	133	1
306	422	1
306	802	1
306	3110	1
422	802	1
422	3110	1
802	3110	1
3111	788	1
3112	803	1
3113	248	1
530	424	1
3114	289	1
366	806	1
3099	76	1
167	3080	1
167	585	1
167	1034	1
167	834	1
167	3097	1
3080	585	1
3080	1034	1
3080	834	1
3080	3097	1
585	1034	1
585	834	1
585	3097	1
1034	834	1
1034	3097	1
834	3097	1
96	12	1
83	182	2
182	412	1
96	88	1
96	413	1
88	413	1
134	171	1
134	1	2
171	1	1
551	52	1
3083	3082	1
3083	3084	1
3082	3084	1
3086	3085	1
3087	430	1
3087	414	1
3087	3088	1
430	414	2
430	3088	1
414	3088	1
892	458	1
892	49	1
458	49	1
301	162	1
3089	552	1
3089	864	1
552	864	1
866	62	1
3091	1014	1
3091	945	1
3091	3090	1
1014	945	1
1014	3090	1
945	3090	1
477	3093	1
477	3092	1
3093	3092	1
3191	3095	1
3191	3192	1
3191	3094	1
3095	3192	1
3095	3094	1
3192	3094	1
3269	363	1
3269	3193	1
363	3193	1
870	283	1
215	871	1
215	84	2
871	84	1
3293	872	1
3293	137	1
872	137	1
3298	3297	1
3298	3296	1
3297	3296	1
3299	249	1
3299	3300	1
249	3300	1
362	3301	1
3302	875	1
3302	86	1
3302	34	1
875	86	1
875	34	1
86	34	1
3303	39	1
3303	301	1
3303	3	1
39	301	1
39	3	2
301	3	1
877	876	1
877	3304	1
876	3304	1
438	58	1
438	472	1
438	3289	1
58	472	1
58	3289	1
472	3289	1
906	228	1
39	302	1
3270	3287	1
53	162	1
53	3	1
162	3	1
3286	237	1
314	20	1
904	3273	1
527	3275	1
527	623	1
3275	623	1
3277	602	1
3277	3276	1
602	3276	1
3278	3279	1
145	49	1
3282	1	1
211	358	1
211	163	1
358	163	2
3283	33	1
3283	437	1
33	437	1
3288	3305	1
3328	3332	1
3328	3331	1
3328	3330	1
3328	3329	1
3332	3331	1
3332	3330	1
3332	3329	1
3331	3330	1
3331	3329	1
3330	3329	1
3335	3334	1
3338	886	1
159	3339	1
3341	312	1
3327	547	1
3325	59	1
990	572	1
75	3324	1
865	265	2
865	443	1
865	3309	1
865	313	1
265	443	1
265	3309	1
265	313	1
443	3309	1
443	313	1
3309	313	1
862	3311	1
862	836	1
3311	836	1
168	3312	1
168	837	1
168	575	1
3312	837	1
3312	575	1
837	575	1
167	3314	1
167	3313	1
167	840	1
167	343	1
167	69	1
3314	3313	1
3314	840	1
3314	343	1
3314	69	1
3313	840	1
3313	343	1
3313	69	1
840	343	1
840	69	1
343	69	1
3317	986	1
3317	3316	1
3317	290	1
986	3316	1
3316	290	1
243	822	1
3319	28	1
3319	3320	1
3319	3318	1
28	3320	1
28	3318	1
3320	3318	1
3321	514	1
3321	3322	1
3321	3323	1
3321	3307	1
514	3322	1
514	3323	1
514	3307	1
3322	3323	1
3322	3307	1
3323	3307	1
3268	3231	1
3214	20	1
3214	3215	1
20	3215	1
210	43	1
3216	3217	1
841	315	2
841	61	1
315	61	1
3219	3220	1
3219	300	1
3220	300	1
3221	52	1
3221	299	1
52	299	1
174	556	1
174	9	1
174	3223	1
556	9	1
556	3223	1
9	3223	1
3224	3225	1
845	277	1
845	10	1
277	10	1
3226	95	1
3226	3227	1
95	3227	1
3228	846	1
3213	3211	1
3196	3195	1
3196	10	1
3196	54	1
3195	10	1
3195	54	1
10	54	1
3198	3197	1
3198	221	1
3197	221	1
957	149	1
3202	3203	1
3202	850	1
3203	850	1
3204	3205	1
891	33	1
496	3208	1
3229	3209	1
3229	125	1
3209	125	1
609	142	1
609	180	1
609	40	1
609	549	1
609	42	1
142	180	1
142	40	1
142	549	1
142	42	2
180	40	1
180	549	1
180	42	1
40	42	1
549	42	1
3230	3212	1
3250	3252	1
3250	90	1
3252	90	1
853	217	1
254	3255	1
254	854	2
3255	854	1
619	3256	1
3261	3257	1
3261	855	1
3261	3262	1
3261	134	1
3261	119	1
3261	13	1
3261	3260	1
3261	89	1
3261	914	1
3261	60	1
3261	3259	1
3261	73	1
3261	659	1
3261	655	1
3261	1	1
3261	227	1
3261	3258	1
3257	855	1
3257	3262	1
3257	134	1
3257	119	1
3257	13	1
3257	3260	1
3257	89	1
3257	914	1
3257	60	1
3257	3259	1
3257	73	1
3257	659	1
3257	655	1
3257	1	1
3257	227	1
3257	3258	1
855	3262	1
855	134	1
855	119	1
855	13	1
855	3260	1
855	89	1
855	914	1
855	60	1
855	3259	1
855	73	1
855	659	1
855	655	1
855	1	1
855	227	2
855	3258	1
3262	134	1
3262	119	1
3262	13	1
3262	3260	1
3262	89	1
3262	914	1
3262	60	1
3262	3259	1
3262	73	1
3262	659	1
3262	655	1
3262	1	1
3262	227	1
3262	3258	1
134	119	1
134	13	1
134	3260	1
134	89	1
134	914	1
134	60	1
134	3259	1
134	73	1
134	659	1
134	655	1
134	227	1
134	3258	1
119	13	1
119	3260	1
119	89	1
119	914	1
119	60	1
119	3259	1
119	73	1
119	659	1
119	655	1
119	1	1
119	227	1
119	3258	1
13	3260	1
13	89	1
13	914	1
13	60	1
13	3259	1
13	73	1
13	659	1
13	655	1
13	1	2
13	227	1
13	3258	1
3260	89	1
3260	914	1
3260	60	1
3260	3259	1
3260	73	1
3260	659	1
3260	655	1
3260	1	1
3260	227	1
3260	3258	1
89	914	1
89	60	1
89	3259	1
89	73	1
89	659	1
89	655	1
89	227	1
89	3258	1
914	60	1
914	3259	1
914	73	1
914	659	1
914	655	1
914	1	1
914	227	1
914	3258	1
60	3259	1
60	73	1
60	659	1
60	655	1
60	1	1
60	227	1
60	3258	1
3259	73	1
3259	659	1
3259	655	1
3259	1	1
3259	227	1
3259	3258	1
73	659	1
73	655	1
73	1	1
73	227	1
73	3258	1
659	655	1
659	1	1
659	227	1
659	3258	1
655	1	1
655	227	1
655	3258	1
1	227	1
1	3258	1
227	3258	1
2	147	1
2	453	1
147	453	1
3232	550	1
3232	17	1
3232	3249	1
3232	3235	1
3232	3251	1
3232	860	1
3232	3264	1
3232	3248	1
3232	3265	1
3232	548	1
3232	857	1
3232	858	1
3232	3266	1
3232	3234	1
3232	3236	1
3232	3233	1
550	17	1
550	3249	1
550	3235	1
550	3251	1
550	860	1
550	3264	1
550	3248	1
550	3265	1
550	548	1
550	857	1
550	858	1
550	3266	1
550	3234	1
550	3236	1
550	3233	1
17	3249	1
17	3235	1
17	3251	1
17	860	1
17	3264	1
17	3248	1
17	3265	1
17	548	1
17	857	1
17	858	1
17	3266	1
17	3234	1
17	3236	1
17	3233	1
3249	3235	1
3249	3251	1
3249	860	1
3249	3264	1
3249	3248	1
3249	3265	1
3249	548	1
3249	857	1
3249	858	1
3249	3266	1
3249	3234	1
3249	3236	1
3249	3233	1
3235	3251	1
3235	860	1
3235	3264	1
3235	3248	1
3235	3265	1
3235	548	1
3235	857	1
3235	858	1
3235	3266	1
3235	3234	1
3235	3236	1
3235	3233	1
3251	860	1
3251	3264	1
3251	3248	1
3251	3265	1
3251	548	1
3251	857	1
3251	858	1
3251	3266	1
3251	3234	1
3251	3236	1
3251	3233	1
860	3264	1
860	3248	1
860	3265	1
860	548	1
860	857	1
860	858	1
860	3266	1
860	3234	1
860	3236	1
860	3233	1
3264	3248	1
3264	3265	1
3264	548	1
3264	857	1
3264	858	1
3264	3266	1
3264	3234	1
3264	3236	1
3264	3233	1
3248	3265	1
3248	548	1
3248	857	1
3248	858	1
3248	3266	1
3248	3234	1
3248	3236	1
3248	3233	1
3265	548	1
3265	857	1
3265	858	1
3265	3266	1
3265	3234	1
3265	3236	1
3265	3233	1
548	857	1
548	858	1
548	3266	1
548	3234	1
548	3236	1
548	3233	1
857	858	1
857	3266	1
857	3234	1
857	3236	1
857	3233	1
858	3266	1
858	3234	1
858	3236	1
858	3233	1
3266	3234	1
3266	3236	1
3266	3233	1
3234	3236	1
3234	3233	1
3236	3233	1
872	3237	1
559	3238	1
341	579	1
3243	543	1
3243	3244	1
543	3244	1
3245	106	1
123	3	1
3246	541	1
3246	3247	1
541	3247	1
3038	2745	1
88	237	1
2834	57	1
2834	860	1
57	860	1
324	2835	1
537	408	1
537	225	2
2837	2838	1
2840	2841	1
2842	122	1
243	46	1
243	529	1
46	529	1
2844	256	1
2832	2847	1
2832	2	1
2832	2846	1
2847	2	1
2847	2846	1
2	2846	1
506	526	1
29	53	1
29	696	1
53	696	1
475	697	1
900	284	1
29	123	1
29	62	1
123	62	1
2815	2814	1
93	263	1
1032	2819	1
1032	2818	1
2819	2818	1
699	2820	1
174	62	1
434	700	1
815	2822	1
815	2821	1
2822	2821	1
703	181	2
385	704	1
385	2826	1
704	2826	1
2848	2849	1
2848	2831	1
2848	534	1
2848	781	1
2848	2869	1
2848	2871	1
2848	705	1
2849	2831	1
2849	534	1
2849	781	1
2849	2869	1
2849	2871	1
2849	705	1
2831	534	1
2831	781	1
2831	2869	1
2831	2871	1
2831	705	1
534	781	1
534	2869	1
534	2871	1
534	705	1
781	2869	1
781	2871	1
781	705	1
2869	2871	1
2869	705	1
2871	705	1
340	275	1
340	3	1
340	2873	1
275	3	1
275	2873	1
3	2873	1
893	535	1
2877	377	1
2877	2879	1
2877	2878	1
2877	312	1
2877	2880	1
377	2879	1
377	2878	1
377	312	1
377	2880	1
2879	2878	1
2879	312	1
2879	2880	1
2878	312	1
2878	2880	1
312	2880	1
2	2881	1
2882	141	1
2884	2885	1
2884	708	1
2885	708	1
626	2868	1
626	2870	1
2868	2870	1
710	2851	1
710	41	1
2851	41	1
485	711	2
2855	2854	1
2855	2853	1
2854	2853	1
605	806	1
713	2859	1
499	2861	1
2864	2862	1
2864	2863	1
2862	2863	1
2865	2866	1
2810	218	1
102	192	1
688	2757	1
688	111	1
688	2758	1
2757	111	1
2757	2758	1
111	2758	1
332	2760	1
454	304	1
537	161	2
2763	2764	1
2765	55	1
2766	98	1
2767	2768	1
2767	272	1
2767	2769	1
2767	173	1
2767	819	1
2768	272	1
2768	2769	1
2768	173	1
2768	819	1
272	2769	1
272	173	1
272	819	1
2769	173	1
2769	819	1
173	819	1
2756	2770	1
2756	2771	1
2770	2771	1
2754	410	1
2754	2755	1
410	2755	1
664	47	1
664	665	1
47	665	1
2753	9	1
2753	442	1
2753	180	1
9	442	1
9	180	1
442	180	1
234	2737	1
634	31	1
38	666	1
2742	2741	1
2743	2736	1
2743	2744	1
2743	260	1
2736	2744	1
2736	260	1
2744	260	1
2748	2746	1
2748	2747	1
2746	2747	1
2749	90	1
2751	2752	1
201	2772	1
201	137	1
2772	137	1
2773	425	1
2773	54	1
2773	669	1
425	54	2
425	669	2
54	669	2
2793	2774	1
2795	670	1
2797	2796	1
2798	671	1
2799	672	1
2799	2800	1
672	2800	1
2801	2802	1
2804	2803	1
550	333	1
550	2806	1
550	2805	1
333	2806	1
333	2805	1
2806	2805	1
2807	24	1
2807	575	1
24	575	1
2809	2808	1
2809	283	1
2808	283	1
2794	449	1
2794	164	1
449	164	1
68	1	1
2792	532	1
2792	217	1
532	217	1
2791	2775	1
2791	676	1
2775	676	1
14	2776	1
222	506	1
568	6	3
568	852	1
6	852	1
678	2779	1
160	2780	1
160	166	1
2780	166	1
2782	2781	1
2782	434	1
2781	434	1
2784	2783	1
2784	961	1
2784	94	1
2783	961	1
2783	94	1
961	94	1
29	301	1
29	2785	1
29	288	1
301	2785	1
301	288	1
2785	288	1
2786	568	1
2786	6	1
2786	166	1
568	166	1
6	166	1
2787	310	1
2886	201	1
2886	2788	1
2886	2789	1
2886	471	1
2886	2790	1
2886	19	1
201	2788	1
201	2789	1
201	471	1
201	2790	1
201	19	1
2788	2789	1
2788	471	1
2788	2790	1
2788	19	1
2789	471	1
2789	2790	1
2789	19	1
471	2790	1
471	19	1
2790	19	1
2887	679	1
2985	2964	1
2986	77	1
2988	49	1
2988	281	1
2988	199	1
2988	187	1
49	281	1
49	199	1
49	187	1
281	199	1
281	187	1
199	187	1
2990	6	1
2992	2993	1
2994	2995	1
2994	1001	1
2994	10	1
2995	1001	1
2995	10	1
1001	10	1
2996	707	1
355	2997	1
355	718	1
355	85	1
2997	718	1
2997	85	1
718	85	1
2998	1048	1
2984	2999	1
144	719	1
155	2982	1
2965	73	1
154	2981	1
2967	134	1
2967	2966	1
134	2966	1
748	217	2
563	206	1
563	2968	1
563	2969	1
206	2968	1
206	2969	1
2968	2969	1
2970	2971	1
349	125	1
2973	348	1
497	751	1
497	328	1
497	2974	1
497	2975	1
751	328	1
751	2974	1
751	2975	1
328	2974	1
328	2975	1
2974	2975	1
2979	2977	1
2979	425	1
2979	2978	1
2979	54	1
2979	669	1
2977	425	1
2977	2978	1
2977	54	1
2977	669	1
425	2978	1
2978	54	1
2978	669	1
36	754	2
36	120	1
754	120	1
975	3000	1
3001	397	1
3001	2983	1
3001	170	1
3001	755	1
397	2983	1
397	170	2
397	755	2
2983	170	1
2983	755	1
170	755	1
358	331	1
358	953	1
163	331	1
163	953	1
331	953	1
291	3021	1
291	757	1
291	3023	1
291	3024	1
291	639	1
3021	757	1
3021	3023	1
3021	3024	1
3021	639	1
757	3023	1
757	3024	1
757	639	1
3023	3024	1
3023	639	1
3024	639	1
3027	164	1
3028	194	1
3028	54	1
3028	526	1
194	54	1
194	526	1
54	526	1
520	14	1
520	251	1
14	251	1
761	3029	1
1017	3030	1
17	3031	1
3032	138	1
226	567	2
226	3033	1
567	3033	1
3034	3035	1
3036	294	1
3036	144	1
294	144	1
3020	3037	1
3020	3022	1
3037	3022	1
3019	28	1
3004	249	1
3004	440	1
249	440	1
710	704	1
710	768	1
704	768	1
3006	3005	1
3009	3010	1
3009	18	1
3009	3008	1
3009	112	1
3010	18	1
3010	3008	1
3010	112	1
18	3008	1
18	112	1
3008	112	1
769	3011	1
97	162	1
97	103	1
162	103	1
182	151	2
224	3012	1
224	391	1
3012	391	1
3014	3013	1
3014	759	1
3013	759	1
3016	28	1
3016	125	1
3016	472	1
3016	3015	1
3016	397	1
3016	170	1
3016	771	1
28	125	1
28	472	1
28	3015	1
28	397	1
28	170	1
28	771	1
125	472	1
125	3015	1
125	397	1
125	170	1
125	771	1
472	3015	1
472	397	1
472	170	1
472	771	1
3015	397	1
3015	170	1
3015	771	1
397	771	1
170	771	1
3017	95	1
465	773	1
774	2963	1
2910	2909	1
2910	2962	1
2910	27	1
2909	2962	1
2909	27	1
2962	27	1
271	2911	1
535	2912	1
2913	2916	1
2913	2915	1
2913	473	1
2913	2914	1
2916	2915	1
2916	473	1
2916	2914	1
2915	473	1
2915	2914	1
473	2914	1
214	2918	1
2919	845	1
2919	628	1
845	628	1
2920	12	1
2920	32	1
12	32	1
278	44	1
278	339	1
44	339	1
344	101	1
242	447	1
242	22	4
242	2921	1
447	22	1
447	2921	1
22	2921	1
2922	430	1
2922	414	1
2922	721	1
430	721	1
414	721	1
2906	2908	1
2906	15	1
2908	15	1
2889	479	1
829	479	1
2905	2890	1
2893	2891	1
2893	2892	1
2893	37	1
2891	2892	1
2891	37	1
2892	37	1
724	941	1
139	57	1
139	105	1
139	601	1
139	2894	1
139	557	1
57	105	1
57	601	1
57	2894	1
57	557	1
105	601	1
105	2894	1
105	557	1
601	2894	1
601	557	1
2894	557	1
127	2895	1
413	315	2
2898	2897	1
2899	2900	1
2903	2902	1
2904	2924	1
375	2907	1
974	12	1
974	2925	1
12	2925	1
17	2948	1
17	2947	1
17	2945	1
17	771	1
2948	2947	1
2948	2945	1
2948	771	1
2947	2945	1
2947	771	1
2945	771	1
2950	101	1
2950	735	1
2950	2949	1
2950	186	1
2950	394	1
101	735	1
101	2949	1
101	186	1
101	394	1
735	2949	1
735	186	1
735	394	1
2949	186	1
2949	394	1
186	394	1
376	19	2
372	6	1
372	161	1
6	161	1
2951	446	1
2951	153	1
2951	2952	1
446	153	1
446	2952	1
153	2952	1
2953	460	1
2953	736	1
460	736	1
2954	2955	1
2956	2957	1
737	738	2
2959	739	1
2946	2961	1
2946	390	1
2961	390	1
2944	2927	1
742	283	1
742	741	1
283	741	1
370	55	1
370	180	1
55	180	1
743	2928	1
743	32	1
743	2929	1
2928	32	1
2928	2929	1
32	2929	1
280	63	1
184	2938	1
184	2939	1
184	247	1
184	2936	1
184	234	1
184	2932	1
184	2935	1
184	74	1
184	2937	1
184	178	1
184	689	1
184	744	1
184	98	1
184	2934	1
184	2933	1
184	181	1
2938	2939	1
2938	247	1
2938	2936	1
2938	234	1
2938	2932	1
2938	2935	1
2938	74	1
2938	2937	1
2938	178	1
2938	689	1
2938	744	1
2938	98	1
2938	2934	1
2938	2933	1
2938	181	1
2939	247	1
2939	2936	1
2939	234	1
2939	2932	1
2939	2935	1
2939	74	1
2939	2937	1
2939	178	1
2939	689	1
2939	744	1
2939	98	1
2939	2934	1
2939	2933	1
2939	181	1
247	2936	1
247	234	1
247	2932	1
247	2935	1
247	74	1
247	2937	1
247	178	1
247	689	1
247	744	1
247	98	1
247	2934	1
247	2933	1
247	181	1
2936	234	1
2936	2932	1
2936	2935	1
2936	74	1
2936	2937	1
2936	178	1
2936	689	1
2936	744	1
2936	98	1
2936	2934	1
2936	2933	1
2936	181	1
234	2932	1
234	2935	1
234	74	1
234	2937	1
234	178	1
234	689	1
234	744	1
234	98	1
234	2934	1
234	2933	1
234	181	1
2932	2935	1
2932	74	1
2932	2937	1
2932	178	1
2932	689	1
2932	744	1
2932	98	1
2932	2934	1
2932	2933	1
2932	181	1
2935	74	1
2935	2937	1
2935	178	1
2935	689	1
2935	744	1
2935	98	1
2935	2934	1
2935	2933	1
2935	181	1
74	2937	1
74	178	2
74	689	1
74	744	1
74	98	1
74	2934	1
74	2933	1
74	181	1
2937	178	1
2937	689	1
2937	744	1
2937	98	1
2937	2934	1
2937	2933	1
2937	181	1
178	689	1
178	744	1
178	98	1
178	2934	1
178	2933	1
178	181	1
689	744	1
689	98	1
689	2934	1
689	2933	1
689	181	1
744	98	1
744	2934	1
744	2933	1
744	181	1
98	2934	1
98	2933	1
98	181	1
2934	2933	1
2934	181	1
2933	181	1
241	465	1
2940	2941	1
2942	745	1
2124	706	1
1595	2122	1
1595	211	1
2122	211	1
1371	1373	1
1371	1372	1
1373	1372	1
1369	155	1
1369	1370	1
155	1370	1
1368	577	1
1368	112	1
577	112	1
1367	62	1
559	275	1
559	292	1
1365	388	1
1365	768	1
1365	187	1
388	768	1
388	187	1
768	187	1
1364	808	1
1364	365	1
1364	396	1
808	365	1
365	396	1
936	1363	1
291	1362	1
340	1359	1
1345	154	1
1346	1347	1
1346	663	1
1346	113	1
1346	35	1
1347	663	1
1347	113	1
1347	35	1
663	113	1
663	35	1
113	35	1
129	235	1
1349	1350	1
1349	1343	1
1350	1343	1
1356	1355	1
1356	1354	1
1356	1357	1
1355	1354	1
1355	1357	1
1354	1357	1
18	439	1
18	27	1
439	27	1
1408	1376	1
1408	1386	1
1408	38	1
1376	1386	1
1376	38	1
1386	38	1
734	35	1
8	1406	1
8	58	1
1406	58	1
1405	1403	1
1405	1404	1
1403	1404	1
57	732	1
57	672	1
57	426	1
57	23	1
57	733	1
732	672	1
732	426	2
732	23	1
732	733	1
672	426	1
672	23	1
672	733	1
426	23	1
426	733	1
23	733	1
1400	1399	1
226	218	1
729	1397	1
392	473	2
123	1395	1
7	232	1
7	42	1
7	200	1
232	9	1
232	42	1
232	200	1
9	42	1
9	200	1
42	200	1
726	728	1
757	276	1
499	1382	1
499	369	1
499	196	1
1382	369	1
1382	196	1
8	1383	1
1383	378	1
239	435	1
254	722	1
722	854	1
478	575	1
1378	1385	1
1378	211	1
1378	558	1
1385	211	1
1385	558	1
211	558	1
1387	10	1
746	1391	1
1377	1392	1
1377	263	1
1392	263	1
165	823	1
1340	1044	1
1292	1293	1
1292	1291	1
1292	69	1
1293	1291	1
1293	69	1
1291	69	1
915	1295	1
915	747	1
1295	747	1
1299	684	1
1299	1297	1
684	1297	1
1300	364	1
534	357	1
29	274	1
29	341	1
29	37	1
29	1280	1
29	772	1
274	341	1
274	1280	1
274	772	1
341	37	1
341	1280	1
341	772	1
37	1280	1
37	772	1
1280	772	1
129	200	1
1275	1274	1
538	508	1
538	620	1
538	1277	1
508	1277	1
620	1277	1
902	9	1
160	498	1
160	1272	1
160	1278	1
160	157	1
160	364	1
498	1272	1
498	1278	1
498	157	1
498	364	1
1272	1278	1
1272	157	1
1272	364	1
1278	157	1
1278	364	1
157	364	1
1281	206	1
1281	743	1
1281	844	1
206	743	1
206	844	1
743	844	1
447	133	1
447	399	1
133	399	1
86	200	1
767	766	1
767	1283	1
767	1284	1
767	24	1
766	1283	1
766	1284	1
766	24	1
1283	1284	1
1283	24	1
1284	24	1
79	765	1
79	427	1
79	1306	1
765	427	2
765	1306	1
427	1306	1
202	1316	1
202	514	1
1316	514	1
1316	111	1
514	111	1
262	763	1
262	764	1
262	74	1
262	10	1
763	764	1
763	74	1
763	10	1
764	74	1
764	10	1
74	10	1
1335	3	1
47	186	1
1333	193	1
1333	480	1
193	480	1
326	720	1
1330	723	1
6	1329	1
350	1327	1
350	756	1
350	1323	1
350	758	1
350	13	1
350	561	1
350	142	1
350	5	1
350	1	1
350	42	1
350	246	1
1327	756	1
1327	1323	1
1327	758	1
1327	13	1
1327	561	1
1327	142	1
1327	5	1
1327	1	1
1327	42	1
1327	246	1
756	1323	1
756	758	1
756	13	1
756	561	1
756	142	1
756	5	1
756	1	1
756	42	1
756	246	1
1323	758	1
1323	13	1
1323	561	1
1323	142	1
1323	5	1
1323	1	1
1323	42	1
1323	246	1
758	13	1
758	561	1
758	142	1
758	5	1
758	1	1
758	42	1
758	246	1
13	561	1
13	142	1
13	5	1
13	42	1
13	246	1
561	142	1
561	5	1
561	1	1
561	42	1
561	246	1
142	5	1
142	1	1
142	246	1
5	42	1
5	246	1
1	42	1
1	246	1
42	246	1
296	247	1
296	41	1
247	41	1
1312	1310	1
1312	286	1
1310	286	1
1315	349	1
1315	111	1
1315	1308	1
349	111	1
349	1308	1
111	1308	1
1318	111	1
1318	752	1
111	752	1
1411	186	1
58	1412	1
635	1482	1
635	51	1
1482	51	1
940	1514	1
940	118	1
1514	118	1
104	280	1
4	1511	1
4	351	1
1511	351	1
1508	1509	1
1508	1507	1
1508	1510	1
1509	1507	1
1509	1510	1
1507	1510	1
225	1506	1
225	179	1
1506	179	1
1506	346	1
179	346	1
1504	1505	1
4	717	1
1501	1499	1
20	686	1
885	1484	1
685	490	2
1486	14	1
1486	579	1
14	579	1
1487	1489	1
1487	683	1
1489	683	1
1483	172	1
993	682	1
993	49	1
682	49	1
681	118	1
681	488	1
118	488	1
152	1494	1
83	151	1
1495	140	1
1497	1496	1
1491	565	1
1491	1516	1
565	1516	1
121	566	1
121	210	1
121	1526	1
566	210	1
566	1526	1
210	1526	1
311	1548	1
1544	1543	1
677	1540	1
1536	1537	1
1536	687	1
1536	1539	1
1537	687	1
1537	1539	1
687	1539	1
212	23	1
1519	1533	1
1520	1521	1
1520	1522	1
1521	1522	1
574	1040	1
139	208	1
673	741	1
673	24	1
741	24	1
569	1011	1
569	77	1
1011	77	1
80	63	1
78	1525	1
78	1518	1
1525	1518	1
330	97	1
330	14	1
97	14	1
1530	1529	1
1530	1528	1
1529	1528	1
83	485	1
83	711	1
233	1517	1
233	1532	1
1517	1532	1
668	1480	1
668	478	2
668	667	1
668	1443	1
1480	478	1
1480	667	1
1480	1443	1
478	667	1
478	1443	1
667	1443	1
1442	377	1
1440	1441	1
350	1438	1
350	1439	1
1438	1439	1
215	28	1
1437	21	1
1437	905	1
21	905	1
1435	237	1
1434	649	1
101	1433	1
1431	1430	1
1414	181	1
566	1415	1
566	470	1
1415	470	1
336	66	1
336	376	1
336	468	1
66	376	1
66	468	1
376	468	1
78	1416	1
1418	1417	1
1418	35	1
1417	35	1
308	121	1
308	199	1
121	199	1
1413	202	1
443	137	1
4	1424	1
1424	282	1
1426	962	1
1426	1445	1
1426	1270	1
1426	5	1
1426	157	1
962	1445	1
962	1270	1
962	5	1
962	157	1
1445	1270	1
1445	5	1
1445	157	1
1270	5	1
1270	157	1
5	157	1
1421	479	1
1421	97	1
1421	784	1
479	97	1
479	784	1
97	784	1
662	81	1
1478	1456	1
1477	487	1
189	50	1
1474	1473	1
285	44	1
973	505	1
973	1472	1
973	690	1
505	1472	1
505	690	1
1472	690	1
1469	691	1
9	1467	1
519	715	1
714	1465	1
714	1451	1
714	1449	1
714	1463	1
714	370	1
1465	1451	1
1465	1449	1
1465	1463	1
1465	370	1
1451	1449	1
1451	1463	1
1451	370	1
1449	1463	1
1449	370	1
1463	370	1
170	1452	1
117	1448	1
117	1453	1
117	1454	1
1448	1453	1
1448	1454	1
1453	1454	1
712	196	1
709	1457	1
709	332	2
709	1458	1
1457	332	1
1457	1458	1
332	1458	1
1461	1462	1
1269	91	1
1269	1271	1
1269	766	1
1269	1289	1
91	1271	1
91	766	1
91	1289	1
1271	766	1
1271	1289	1
766	1289	1
1102	1103	1
1102	565	1
1102	568	1
1102	6	1
1103	565	1
1103	568	1
1103	6	1
565	568	1
565	6	1
184	1100	1
184	1098	1
184	1099	1
1100	416	1
1100	1098	1
1100	1099	1
416	1098	1
416	1099	1
1098	1099	1
1094	1096	1
1094	109	1
1094	1093	1
1094	750	1
1096	109	1
1096	1093	1
1096	750	1
109	1093	1
109	750	1
1093	750	1
562	1092	1
441	202	1
441	1090	1
441	1091	1
441	670	1
202	1090	1
202	1091	1
202	670	1
1090	1091	1
1090	670	1
1091	670	1
1087	753	1
1087	652	1
753	652	1
224	452	1
1038	1	1
48	1083	1
48	390	2
48	320	1
1083	390	1
1083	320	1
390	320	1
702	1077	1
1131	15	1
1131	1133	1
15	1133	1
303	1134	1
214	298	1
1129	1126	1
1129	486	1
1129	1051	1
1126	486	1
1126	1051	1
486	1051	1
698	384	2
1117	1116	1
1117	1115	1
1117	1119	1
1116	1115	1
1116	1119	1
1115	1119	1
212	1110	1
212	1111	1
1110	1111	1
1109	330	1
1076	693	1
1076	1002	1
1076	207	1
693	1002	1
693	207	1
1002	207	1
775	1072	1
775	533	1
775	1071	1
775	41	1
1072	533	1
1072	1071	1
1072	41	1
533	1071	1
533	41	1
1071	41	1
1069	41	1
1073	115	1
2	1064	1
1066	1065	1
1066	1136	1
1066	19	1
1065	1136	1
1065	19	1
1136	19	1
861	299	1
1233	1234	1
1233	6	1
1233	1232	1
1233	1231	1
1234	6	1
1234	1232	1
1234	1231	1
6	1232	1
6	1231	1
1232	1231	1
762	1230	1
86	143	1
859	1226	1
1223	1224	1
1222	773	1
1222	1220	1
773	1220	1
35	158	1
1205	1217	1
1205	1219	1
1205	111	1
1217	1219	1
1217	111	1
1219	111	1
336	1213	1
1015	856	1
1135	1211	1
1135	297	1
1211	297	1
182	1210	1
182	237	1
1210	237	1
1206	1208	1
1206	1236	1
1206	477	1
1208	1236	1
1208	477	1
1236	477	1
70	345	1
1268	1267	1
716	1265	1
1264	1263	1
375	332	2
375	1262	1
375	1261	1
375	1260	1
375	1259	1
332	1262	1
332	1261	1
332	1260	1
332	1259	1
1262	1261	1
1262	1260	1
1262	1259	1
1261	1260	1
1261	1259	1
1260	1259	1
460	66	1
460	89	1
460	1255	1
460	250	1
66	89	1
66	1255	1
66	250	1
89	1255	1
89	250	1
1255	250	1
90	1253	1
523	107	1
523	51	1
107	51	1
13	651	1
4	348	1
923	1247	1
923	1251	1
923	1248	1
923	1243	1
923	1245	1
923	1250	1
1247	1251	1
1247	1248	1
1247	1243	1
1247	1245	1
1247	1250	1
1251	1248	1
1251	1243	1
1251	1245	1
1251	1250	1
1248	1243	1
1248	1245	1
1248	1250	1
1243	1245	1
1243	1250	1
1245	1250	1
245	1242	1
1240	1241	1
1221	951	1
1203	847	1
1203	1204	1
847	1204	1
1166	1202	1
6	128	1
1165	31	1
1165	1164	1
31	1164	1
204	305	1
1162	18	1
1162	92	1
1162	1159	1
18	92	1
18	1159	1
92	1159	1
843	1156	1
842	1152	1
1150	389	1
1150	1151	1
1150	486	1
389	1151	1
389	486	1
1151	486	1
1149	423	1
1147	1148	1
1146	105	1
1145	540	1
1145	436	1
540	436	1
645	1143	1
1142	1141	1
1138	1140	1
1138	148	1
1140	148	1
1168	1153	1
1169	427	1
839	843	1
890	863	2
1194	116	1
1193	1192	1
1191	888	1
523	331	1
2	887	1
190	87	1
225	161	1
29	1182	1
309	238	1
309	1179	1
309	1180	1
238	1179	1
238	1180	1
1179	1180	1
254	1178	1
254	1177	1
1178	1177	1
853	149	1
853	188	1
149	188	1
76	1176	1
76	1175	1
76	49	1
76	1174	1
1176	1175	1
1176	49	1
1176	1174	1
1175	49	1
1175	1174	1
49	1174	1
880	1172	1
880	1550	1
1172	1550	1
1931	70	1
1931	882	1
70	882	1
68	13	1
68	26	2
13	26	1
1934	273	1
25	24	1
25	1935	1
24	1935	1
881	467	1
881	258	1
467	258	2
1938	1939	1
1938	1936	1
1939	1936	1
1940	24	1
673	661	1
673	1941	1
673	282	1
661	1941	1
661	282	1
1941	282	1
1943	1942	1
1927	795	1
362	435	1
362	1919	1
435	1919	1
1912	1915	1
1918	1917	1
1922	245	1
461	11	1
461	873	1
11	873	1
355	1944	1
355	1924	1
355	1925	1
355	50	2
1944	1924	1
1944	1925	1
1944	50	1
1924	1925	1
1924	50	1
1925	50	1
1945	260	1
1976	1978	1
1025	264	1
1025	1971	1
264	1971	1
264	466	1
1971	466	1
4	12	1
1969	1968	1
1969	486	1
1969	197	1
1968	486	1
1968	197	1
486	197	1
869	1967	1
869	1966	1
1967	1966	1
867	868	2
1948	1963	1
1951	248	1
1947	1954	1
58	1956	1
355	17	1
355	46	1
1000	1957	1
1000	120	1
1957	120	1
1958	63	1
65	116	1
65	193	1
65	172	1
116	193	2
116	172	1
193	172	1
695	976	1
1928	744	1
36	1909	1
754	1909	1
1908	48	1
1908	127	1
1908	432	1
1908	103	1
1908	84	1
48	127	1
48	432	1
48	103	1
48	84	1
127	432	1
127	103	1
127	84	1
432	103	1
432	84	1
103	84	1
249	261	1
249	833	1
261	833	2
801	420	1
801	1866	1
801	334	1
420	1866	1
420	334	1
1866	334	1
1870	764	1
1870	800	1
1870	128	1
1870	571	1
764	800	1
764	128	1
764	571	1
800	128	2
800	571	1
128	571	1
141	1855	1
1854	797	1
1854	796	1
797	796	1
841	413	1
305	535	1
541	1843	1
541	159	1
541	1845	1
541	356	1
1843	159	1
1843	1845	1
1843	356	1
159	1845	1
159	356	1
1845	356	1
794	326	1
1848	792	1
1872	1851	1
366	330	1
1856	1892	1
1856	326	1
1892	326	1
303	796	1
53	521	1
53	1894	1
521	1894	1
1896	369	1
233	402	1
1905	1904	1
1879	524	1
1875	752	1
1882	1884	1
1885	25	1
1888	49	1
1888	1886	1
1888	1887	1
49	1886	1
49	1887	1
1886	1887	1
1979	1889	1
2017	441	1
2017	782	1
2017	2073	1
2017	804	1
2017	1980	1
441	782	1
441	2073	1
441	804	1
441	1980	1
782	2073	1
782	804	1
782	1980	1
2073	804	1
2073	1980	1
804	1980	1
388	24	1
388	2074	1
388	136	1
24	2074	1
24	136	2
2074	136	1
2072	223	1
2079	948	1
2079	43	1
948	43	1
2084	832	1
2084	150	1
2084	2085	1
832	150	1
832	2085	1
150	2085	1
511	296	1
31	296	1
296	63	1
2070	2080	1
2070	2086	1
2080	2086	1
770	2062	1
678	124	1
678	732	1
678	152	1
678	426	1
678	120	1
678	114	1
124	732	1
124	152	1
124	426	1
124	120	1
124	114	1
732	152	1
732	120	1
732	114	1
152	426	1
152	120	1
152	114	1
426	120	1
426	114	1
120	114	1
459	14	1
174	2069	1
174	48	1
174	449	1
2069	48	1
2069	449	1
48	449	1
2063	901	1
2063	790	1
901	790	1
2064	194	1
887	280	1
1057	261	1
1057	2066	1
261	2066	1
702	463	1
55	158	1
55	128	1
825	133	1
825	468	1
133	468	1
641	2088	1
641	2089	1
2088	2089	1
2121	18	1
2121	450	1
18	450	1
131	824	2
377	801	1
377	1012	1
801	1012	1
242	2115	1
2115	22	1
2113	2112	1
2113	2114	1
2112	2114	1
2111	516	1
2111	786	1
2111	122	1
2111	911	1
2111	2108	1
516	786	1
516	122	1
516	911	1
516	2108	1
786	911	1
786	2108	1
122	911	1
122	2108	1
911	2108	1
818	505	1
818	890	1
818	2106	1
818	2105	1
818	834	1
818	299	1
818	209	1
818	863	1
818	246	2
505	890	1
505	2106	1
505	2105	1
505	834	1
505	299	1
505	209	1
505	863	1
505	246	1
890	2106	1
890	2105	1
890	834	1
890	299	1
890	209	1
890	246	1
2106	2105	1
2106	834	1
2106	299	1
2106	209	1
2106	863	1
2106	246	1
2105	834	1
2105	299	1
2105	209	1
2105	863	1
2105	246	1
834	299	1
834	209	1
834	863	1
834	246	1
299	209	1
299	863	1
299	246	1
209	863	1
209	246	1
863	246	1
831	187	1
399	1	1
113	581	1
39	32	1
2096	903	1
55	816	1
2099	2101	1
2099	2097	1
2099	772	1
2101	2097	1
2101	772	1
2097	772	1
141	27	1
927	394	1
154	2103	1
714	350	1
758	2053	1
758	736	1
2053	736	1
147	261	1
147	833	1
870	442	1
870	112	1
442	112	1
814	215	1
814	257	2
814	2051	1
215	257	1
215	2051	1
257	2051	1
2001	232	1
2001	832	1
232	832	1
2004	2003	1
2004	2005	1
2003	2005	1
2007	659	1
688	889	1
688	883	1
688	2011	1
889	883	1
889	2011	1
883	2011	1
2012	2013	1
333	194	1
333	319	1
194	319	1
2008	2014	1
1998	807	1
1990	621	1
12	642	1
1985	1984	1
363	1988	1
363	615	1
363	44	1
363	103	1
1988	615	1
1988	44	1
1988	103	1
615	44	1
615	103	1
44	103	1
1991	742	1
1991	1992	1
1991	1982	1
742	1992	1
742	1982	1
1992	1982	1
214	168	1
214	85	1
168	85	1
1995	30	1
2015	1996	1
1999	840	1
17	125	2
17	439	1
125	439	1
125	46	1
439	46	1
734	2038	1
734	2037	1
2038	2037	1
2041	920	1
2041	603	1
2041	2040	1
920	603	1
920	2040	1
603	2040	1
2036	2042	1
2036	46	1
2042	46	1
792	129	1
792	2043	1
129	2043	1
2045	544	1
2034	2046	1
2034	2049	1
2046	2049	1
55	99	1
2021	346	1
2023	420	1
2025	2027	1
2025	202	1
2025	115	1
2025	2028	1
2027	202	1
2027	115	1
2027	2028	1
202	115	1
202	2028	1
115	2028	1
574	25	1
26	826	1
814	3	1
257	3	1
2030	357	1
82	315	1
2031	2032	1
2031	23	1
2032	23	1
1037	622	1
1645	1836	1
1645	86	1
1645	751	1
1645	1647	1
1645	1837	1
1645	1646	1
1645	526	1
1836	86	1
1836	751	1
1836	1647	1
1836	1837	1
1836	1646	1
1836	526	1
86	751	1
86	1647	1
86	1837	1
86	1646	1
86	526	1
751	1647	1
751	1837	1
751	1646	1
751	526	1
1647	1837	1
1647	1646	1
1647	526	1
1837	1646	1
1837	526	1
1646	526	1
242	1648	1
242	86	1
242	564	1
242	351	1
242	228	1
1648	86	1
1648	564	1
1648	351	1
1648	228	1
1648	22	1
86	564	1
86	351	1
86	228	1
86	22	1
564	351	1
564	228	1
564	22	1
351	228	1
351	22	1
228	22	1
1649	273	1
1652	1653	1
1652	173	1
1652	836	1
1652	680	1
1652	462	1
1653	173	1
1653	836	1
1653	680	1
1653	462	1
173	836	1
173	680	1
173	462	1
836	680	1
836	462	1
680	462	1
1656	1655	1
1656	1	1
1655	1	1
1641	767	1
1641	92	1
1641	50	1
1641	1651	1
767	92	1
767	50	1
767	1651	1
92	50	1
92	1651	1
50	1651	1
1640	99	1
460	65	1
627	552	2
627	129	2
552	129	2
20	1627	1
20	60	1
1627	60	1
656	1628	1
527	1629	1
1625	1634	1
1625	1635	1
1625	74	1
1625	178	1
1625	1639	1
1625	428	1
1634	1635	1
1634	74	1
1634	178	1
1634	1639	1
1634	428	1
1635	74	1
1635	178	1
1635	1639	1
1635	428	1
74	1639	1
74	428	1
178	1639	1
178	428	3
1639	428	1
1658	145	1
1658	608	1
1658	1659	1
145	608	1
145	1659	1
608	1659	1
198	1660	1
1692	419	1
1692	101	1
419	101	1
102	11	1
543	216	1
543	798	1
216	798	1
121	1684	1
121	1683	1
121	530	1
121	1681	1
1684	1683	1
1684	530	1
1684	1681	1
1683	530	1
1683	1681	1
530	1681	1
1680	198	1
1676	1677	1
1676	1678	1
1676	1679	1
1676	200	1
1677	1678	1
1677	1679	1
1677	200	1
1678	1679	1
1678	200	1
1679	200	1
576	235	1
576	513	1
576	252	1
235	513	1
235	252	1
513	252	1
1663	148	1
995	377	1
995	1666	1
377	1666	1
1661	373	1
1661	1667	1
373	1667	1
145	1668	1
145	250	1
1668	250	1
1670	188	1
1671	190	1
1671	107	1
1671	93	1
190	107	1
190	93	1
107	93	1
419	1642	1
419	1675	1
1642	1675	1
1622	1623	1
1572	235	1
1576	657	1
1576	1571	1
1576	19	1
657	1571	1
657	19	1
1571	19	1
1581	1580	1
1581	269	1
1581	625	1
1580	269	1
1580	625	1
269	625	1
298	212	1
1561	1554	1
1559	692	1
1564	1565	1
614	1586	1
614	197	1
614	493	1
614	382	1
614	205	1
1586	197	1
1586	493	1
1586	382	1
1586	205	1
197	493	1
197	382	1
197	205	1
493	382	1
493	205	1
382	205	1
1570	25	1
1570	518	1
25	518	1
124	1610	1
1614	1607	1
4	262	1
4	588	1
4	178	1
4	428	1
262	588	1
262	178	1
262	428	1
588	178	1
588	428	1
1618	7	1
4	882	1
4	33	1
882	33	1
1619	878	1
1619	717	1
878	717	1
1590	1597	1
1590	1604	1
1590	1621	1
1597	1604	1
1597	1621	1
1604	1621	1
1591	310	1
499	1592	1
712	213	1
109	1593	1
255	259	1
80	35	1
1596	600	1
1596	1598	1
1596	143	1
600	1598	1
600	143	2
1598	143	1
1600	598	1
1600	1601	1
1600	19	1
1600	555	1
1600	667	1
598	1601	1
598	19	1
598	555	1
598	667	1
1601	19	1
1601	555	1
1601	667	1
19	555	1
19	667	1
555	667	1
1603	600	1
1603	143	1
685	291	1
685	17	1
685	1731	1
685	125	1
685	1693	1
685	1788	1
685	27	1
685	59	1
685	103	1
685	1694	1
291	490	1
291	1731	1
291	125	1
291	1693	1
291	1788	1
291	27	1
291	59	1
291	103	1
291	1694	1
490	17	1
490	1731	1
490	125	1
490	1693	1
490	1788	1
490	27	1
490	59	1
490	103	1
490	1694	1
17	1731	1
17	1693	1
17	1788	1
17	27	1
17	59	1
17	103	1
17	1694	1
1731	125	1
1731	1693	1
1731	1788	1
1731	27	1
1731	59	1
1731	103	1
1731	1694	1
125	1693	1
125	1788	1
125	27	1
125	59	1
125	103	1
125	1694	1
1693	1788	1
1693	27	1
1693	59	1
1693	103	1
1693	1694	1
1788	27	1
1788	59	1
1788	103	1
1788	1694	1
27	59	1
27	103	1
27	1694	1
59	103	1
59	1694	1
103	1694	1
594	22	1
501	541	1
501	1792	1
501	646	1
501	114	1
541	1792	1
541	646	1
541	114	1
1792	646	1
1792	114	1
646	114	1
633	487	1
1800	502	1
192	629	1
323	52	1
1784	319	1
1784	409	1
319	409	1
1770	1769	1
1770	1783	1
1769	1783	1
204	158	1
1771	1773	1
1771	572	1
1773	572	1
565	173	1
104	44	1
104	133	2
44	133	1
79	1779	1
79	1774	1
79	5	1
1779	1774	1
1779	5	1
1774	5	1
1780	730	1
1028	1781	1
1801	657	1
1801	1782	1
657	1782	1
1802	1803	1
1802	1834	1
1802	2	1
1802	107	1
1803	1834	1
1803	2	1
1803	107	1
1834	2	1
1834	107	1
1832	1833	1
1832	1829	1
1833	1829	1
1823	613	1
1823	611	1
613	611	1
1029	546	1
1806	1820	1
1808	1809	1
1808	578	1
1809	578	1
1814	423	1
637	1815	1
570	783	1
570	399	1
783	399	1
238	492	1
1765	1766	1
1718	532	1
469	71	1
469	393	1
71	393	1
1721	1723	1
1721	85	1
1723	85	1
131	584	1
824	584	1
709	375	1
709	1725	1
375	1725	1
332	1725	1
1726	1727	1
610	204	1
610	56	1
610	1728	1
204	56	1
204	1728	1
56	1728	1
859	401	1
859	595	1
859	175	1
401	595	1
401	175	1
595	175	1
674	654	1
1696	1703	1
1696	342	1
1703	342	1
1705	97	1
1705	1706	1
97	1706	1
1708	1729	1
1708	1	1
1729	1	1
253	1713	1
1730	419	1
1730	1752	1
419	1752	1
4	1755	1
4	1	1
1755	1	1
1756	85	1
1756	1013	1
85	1013	1
1757	938	1
1760	1762	1
1760	93	1
1760	144	1
1760	1761	1
1762	93	1
1762	144	1
1762	1761	1
93	144	1
93	1761	1
144	1761	1
1764	1763	1
1740	1748	1
1747	1734	1
1747	656	1
1747	1736	1
1734	656	1
1734	1736	1
656	1736	1
169	304	1
502	286	1
146	946	1
586	1746	1
1744	1745	1
1744	591	1
1744	223	1
1745	591	1
1745	223	1
591	223	1
1743	209	1
867	1742	1
867	1741	1
1742	868	1
1742	1741	1
868	1741	1
104	1739	1
1735	87	1
1754	1750	1
1754	1758	1
1750	1758	1
1712	1753	1
1712	1698	1
1712	1701	1
1712	1709	1
1712	1697	1
1712	1699	1
1712	1749	1
1712	1722	1
1712	166	1
1712	572	1
1712	735	1
1712	69	1
1712	1	1
1712	1751	1
1712	1710	1
1712	175	1
1753	1698	1
1753	1701	1
1753	1709	1
1753	1697	1
1753	1699	1
1753	1749	1
1753	1722	1
1753	166	1
1753	572	1
1753	735	1
1753	69	1
1753	1	1
1753	1751	1
1753	1710	1
1753	175	1
1698	1701	1
1698	1709	1
1698	1697	1
1698	1699	1
1698	1749	1
1698	1722	1
1698	166	1
1698	572	1
1698	735	1
1698	69	1
1698	1	1
1698	1751	1
1698	1710	1
1698	175	1
1701	1709	1
1701	1697	1
1701	1699	1
1701	1749	1
1701	1722	1
1701	166	1
1701	572	1
1701	735	1
1701	69	1
1701	1	1
1701	1751	1
1701	1710	1
1701	175	1
1709	1697	1
1709	1699	1
1709	1749	1
1709	1722	1
1709	166	1
1709	572	1
1709	735	1
1709	69	1
1709	1	1
1709	1751	1
1709	1710	1
1709	175	1
1697	1699	1
1697	1749	1
1697	1722	1
1697	166	1
1697	572	1
1697	735	1
1697	69	1
1697	1	1
1697	1751	1
1697	1710	1
1697	175	1
1699	1749	1
1699	1722	1
1699	166	1
1699	572	1
1699	735	1
1699	69	1
1699	1	1
1699	1751	1
1699	1710	1
1699	175	1
1749	1722	1
1749	166	1
1749	572	1
1749	735	1
1749	69	1
1749	1	1
1749	1751	1
1749	1710	1
1749	175	1
1722	166	1
1722	572	1
1722	735	1
1722	69	1
1722	1	1
1722	1751	1
1722	1710	1
1722	175	1
166	572	1
166	735	1
166	69	1
166	1	1
166	1751	1
166	1710	1
166	175	1
572	735	1
572	69	1
572	1	1
572	1751	1
572	1710	1
572	175	1
735	69	1
735	1	1
735	1751	1
735	1710	1
735	175	1
69	1	1
69	1751	1
69	1710	1
69	175	1
1	1751	1
1	1710	1
1	175	1
1751	1710	1
1751	175	1
1710	175	1
1027	268	1
1027	1717	1
1027	364	1
268	1717	1
268	364	1
1717	364	1
1767	1813	1
1767	1818	1
1767	1715	1
1813	1818	1
1813	1715	1
1818	1715	1
308	1807	1
308	1804	1
308	1810	1
1807	1804	1
1807	1810	1
1804	1810	1
451	638	1
489	1827	1
489	1825	1
489	1826	1
1827	1825	1
1827	1826	1
1825	1826	1
1828	1830	1
1828	926	1
1830	926	1
1778	1835	1
1778	1831	1
1778	1812	1
1778	45	1
1835	1831	1
1835	1812	1
1835	45	1
1831	1812	1
1831	45	1
1812	45	1
253	1777	1
253	971	1
253	1775	1
253	779	1
1777	971	1
1777	1775	1
1777	779	1
971	1775	1
971	779	1
1775	779	1
359	44	1
935	518	1
935	1776	1
935	510	1
1776	510	1
1793	1795	1
1786	388	1
421	1789	1
421	1790	1
421	821	1
421	1791	1
1789	1790	1
1789	821	1
1789	1791	1
1790	821	1
1790	1791	1
821	1791	1
24	188	1
188	136	1
1787	15	1
1787	138	1
1787	30	1
1787	27	1
354	1588	1
70	1602	1
372	1589	1
165	1594	1
1620	364	1
1616	37	1
1612	73	1
4	132	1
4	34	1
132	34	1
713	370	1
713	391	1
713	284	1
713	348	1
713	625	1
713	176	1
370	391	2
370	284	2
370	348	1
370	625	1
370	176	2
391	284	2
391	348	1
391	625	1
391	176	2
284	348	1
284	625	1
284	176	2
348	625	1
348	176	1
625	176	1
4	70	1
4	978	1
4	318	1
4	370	1
4	391	1
4	1609	1
4	101	1
4	11	1
4	284	1
4	176	1
70	978	2
70	68	1
70	318	1
70	370	1
70	391	1
70	1609	1
70	101	1
70	11	1
70	284	1
70	176	1
978	68	1
978	318	1
978	370	1
978	391	1
978	1609	1
978	101	1
978	11	1
978	284	1
978	176	1
68	318	1
68	370	1
68	391	1
68	1609	1
68	101	1
68	11	1
68	284	1
68	176	1
318	370	1
318	391	1
318	1609	1
318	101	1
318	11	1
318	284	1
318	176	1
370	1609	1
370	101	1
370	11	1
391	1609	1
391	101	1
391	11	1
1609	101	1
1609	11	1
1609	284	1
1609	176	1
101	11	1
101	284	1
101	176	1
11	284	1
11	176	1
699	1587	1
699	654	1
1587	654	1
1560	1563	1
1560	156	1
1560	632	1
1560	1562	1
1560	1566	1
1563	156	1
1563	632	1
1563	1562	1
1563	1566	1
156	632	1
156	1562	1
156	1566	1
632	1562	1
632	1566	1
1562	1566	1
253	229	1
253	1558	1
253	1553	1
253	381	1
253	1557	1
229	1558	1
229	1553	1
229	381	1
229	1557	1
1558	1553	1
1558	381	1
1558	1557	1
1553	381	1
1553	1557	1
381	1557	1
1556	91	1
1556	159	1
91	159	1
1568	1579	1
1568	1555	1
1579	1555	1
839	420	1
875	119	1
875	1582	1
119	1582	1
1578	982	1
1577	279	1
1577	816	1
279	816	1
1575	864	1
1575	1574	1
864	1574	1
78	1019	1
1673	1674	1
569	1672	1
1688	1682	1
1688	996	1
1682	996	1
861	16	1
1690	756	1
1690	1689	1
756	1689	1
1691	740	1
1636	1637	1
1636	1669	1
1636	474	1
1636	1638	1
1637	1669	1
1637	474	1
1637	1638	1
1669	474	1
1669	1638	1
474	1638	1
820	336	1
6	69	1
6	473	1
392	69	1
69	473	1
452	177	1
538	804	1
804	115	1
1657	1020	1
1657	825	1
1020	825	1
1643	729	1
1643	172	1
1643	1654	1
729	172	1
729	1654	1
172	1654	1
894	1644	1
894	491	1
894	178	1
894	428	1
894	898	1
1644	491	1
1644	178	1
1644	428	1
1644	898	1
491	178	1
491	428	1
491	898	1
178	898	1
428	898	1
381	1695	1
381	351	1
1695	351	1
1981	583	1
1981	271	1
583	271	1
612	19	1
229	2029	1
2022	208	1
9	209	1
677	2020	1
20	110	1
20	691	1
20	1054	1
110	691	1
110	1054	1
691	1054	1
131	65	1
2033	151	1
185	155	1
185	2026	1
155	2026	1
2048	2047	1
2048	2050	1
2048	2044	1
2047	2050	1
2047	2044	1
2050	2044	1
1994	2039	1
1994	445	1
1994	2035	1
1994	2016	1
2039	445	1
2039	2035	1
2039	2016	1
445	2035	1
445	2016	1
2035	2016	1
1993	213	1
1993	1989	1
213	1989	1
650	292	1
650	288	1
124	342	1
124	2009	1
342	2009	1
301	126	1
929	1045	1
929	1	1
1045	1	1
39	2100	1
519	2090	1
2095	777	1
2095	55	1
2095	252	1
777	55	1
777	252	1
55	252	1
897	724	1
210	61	1
2107	42	1
62	14	1
7	2109	1
631	705	1
618	705	1
2116	1052	1
177	178	1
177	2117	1
177	564	1
178	2117	1
178	564	1
2117	564	1
11	525	1
321	2119	1
321	398	1
2119	398	1
17	325	1
2059	2060	1
2059	352	1
2060	352	1
2057	573	1
32	2056	1
32	44	1
2056	44	1
48	2055	1
390	2055	1
681	536	1
56	947	1
56	896	1
56	157	1
56	2083	1
947	896	1
947	157	1
947	2083	1
896	157	1
896	2083	1
157	2083	1
775	996	1
2076	328	1
2076	14	1
328	14	1
2075	800	1
2075	970	1
2075	128	1
2075	512	1
800	970	1
800	512	1
970	128	1
970	512	1
128	512	1
76	61	1
306	1881	1
960	1009	1
1876	1877	1
1883	1907	1
1906	2	1
1906	98	1
1906	871	1
2	98	1
2	871	1
98	871	1
185	322	1
321	470	1
321	65	1
470	65	1
145	603	1
145	1903	1
145	728	1
603	1903	1
603	728	1
1903	728	1
1900	1893	1
1895	83	1
1895	1897	1
1895	34	1
83	1897	1
83	34	1
1897	34	1
61	1873	1
444	1853	1
444	1852	1
1853	1852	1
1056	100	1
862	1850	1
1846	1839	1
1846	59	1
1846	733	1
1846	228	1
1839	59	1
1839	733	1
1839	228	1
59	733	1
59	228	1
733	228	1
118	1844	1
79	266	1
79	1840	1
79	238	1
79	1865	1
266	1840	1
266	238	1
266	1865	1
1840	238	1
1840	1865	1
238	1865	1
1867	1869	1
1867	39	1
1867	866	1
1867	1868	1
1869	39	1
1869	866	1
1869	1868	1
39	866	1
39	1868	1
866	1868	1
1864	401	1
576	351	1
576	1863	1
576	1857	1
576	424	1
351	1863	1
351	1857	1
351	424	1
1863	1857	1
1863	424	1
1857	424	1
146	41	1
818	322	1
322	246	1
1861	1862	1
1861	1860	1
1861	608	1
1862	1860	1
1862	608	1
1860	608	1
588	898	1
746	1858	1
746	805	1
1858	805	1
242	102	1
242	1910	1
242	760	1
102	1910	1
102	760	1
1910	760	1
1950	966	1
1950	1961	1
1950	1953	1
966	1961	1
966	1953	1
1961	1953	1
919	1949	1
1965	1964	1
1965	1972	1
1964	1972	1
1974	1975	1
338	329	1
338	597	1
329	597	1
501	491	1
842	960	1
1551	668	1
1551	478	1
1551	954	1
668	954	1
478	954	1
119	287	1
295	700	1
295	916	1
700	916	1
1920	529	1
1914	1913	1
1914	1911	1
1914	143	1
1913	1911	1
1913	143	1
1911	143	1
350	1929	1
1930	1838	1
1930	992	1
1838	992	1
1185	95	1
1186	163	1
1186	1188	1
1186	1003	1
163	1188	1
163	1003	1
1188	1003	1
1196	1198	1
1196	1190	1
1196	1195	1
1198	1190	1
1198	1195	1
1190	1195	1
140	352	1
165	1187	1
8	1154	1
8	1139	1
1154	1139	1
1155	471	1
489	9	1
489	98	1
9	98	1
1157	1160	1
917	1246	1
917	1244	1
917	547	1
917	325	1
917	1167	1
917	1161	1
917	357	1
917	199	1
1246	1244	1
1246	547	1
1246	325	1
1246	1167	1
1246	1161	1
1246	357	1
1246	199	1
1244	547	1
1244	325	1
1244	1167	1
1244	1161	1
1244	357	1
1244	199	1
547	325	1
547	1167	1
547	1161	1
547	357	1
547	199	1
325	1167	1
325	1161	1
325	357	1
325	199	1
1167	1161	1
1167	357	1
1167	199	1
1161	357	1
1161	199	1
357	199	1
828	218	1
476	1252	1
60	150	1
60	1254	1
150	1254	1
18	122	1
1258	930	1
1258	95	1
1258	622	1
930	95	1
930	622	1
95	622	1
11	250	1
1239	1266	1
1214	1209	1
1214	32	1
1214	1212	1
1214	1237	1
1214	1207	1
1214	260	1
1214	719	1
1209	32	1
1209	1212	1
1209	1237	1
1209	1207	1
1209	260	1
1209	719	1
32	1212	1
32	1237	1
32	1207	1
32	260	1
32	719	1
1212	1237	1
1212	1207	1
1212	260	1
1212	719	1
1237	1207	1
1237	260	1
1237	719	1
1207	260	1
1207	719	1
260	719	1
1216	1215	1
1216	239	1
1215	239	1
1218	11	1
1228	33	1
1228	1227	1
33	1227	1
1235	1068	1
1063	671	1
1060	2	1
1060	666	1
2	666	1
5	1062	1
1061	307	1
1061	1059	1
307	1059	1
1027	1112	1
311	972	1
311	1114	1
972	1114	1
1107	1120	1
1107	1118	1
1120	1118	1
1128	1127	1
1128	1124	1
1128	51	1
1127	1124	1
1127	51	1
1124	51	1
1132	791	1
488	613	1
1106	411	1
1106	1121	1
1106	52	1
411	1121	1
411	52	1
1121	52	1
222	133	1
429	534	1
429	1105	1
534	1105	1
57	1079	1
57	1104	1
1079	1104	1
25	794	1
266	374	3
266	528	3
266	5	1
374	528	3
374	5	2
528	5	1
374	1084	1
5	1084	1
1086	1095	1
813	697	1
1460	329	1
1460	1459	1
1460	148	1
329	1459	1
329	148	1
1459	148	1
928	1030	1
928	502	1
1030	502	1
888	1455	1
835	103	1
1450	495	1
967	1466	1
1471	222	1
1446	1476	1
1446	1479	1
1476	1479	1
1422	1427	1
1422	175	1
1427	175	1
406	1429	1
406	1432	1
1429	1432	1
1055	1444	1
31	1045	1
1538	159	1
1023	1541	1
1545	908	1
1545	1019	1
908	1019	1
583	838	1
1500	507	1
119	1502	1
4	65	1
616	876	1
616	1512	1
616	510	1
876	1512	1
876	510	1
1512	510	1
1513	510	1
1410	1321	1
1410	956	1
1321	956	1
1317	267	1
56	590	1
12	47	1
586	248	1
586	837	1
248	837	1
309	1311	1
1326	415	1
1326	1325	1
415	1325	1
1328	956	1
1332	1334	1
1332	1337	1
1334	1337	1
1307	481	1
1307	1305	1
1307	1286	1
481	1305	1
481	1286	1
1305	1286	1
1285	1282	1
333	415	1
333	983	1
333	1276	1
415	983	1
415	1276	1
983	1276	1
317	1273	1
317	335	1
1273	71	1
1273	335	1
71	335	1
690	1288	1
146	116	1
146	193	1
1294	1341	1
1390	415	1
1390	1342	1
415	1342	1
1389	1388	1
1379	1393	1
1379	1384	1
1393	1384	1
204	587	1
1409	1351	1
1344	539	1
894	1366	1
